64,113,139,64,156
64,113,139,64,70
64,113,139,64,170
64,113,139,64,16
64,113,139,64,70
64,113,139,64,101
64,113,139,64,27
181,128,129,181,137
181,128,129,181,1
181,128,129,181,172
181,128,129,181,67
181,128,129,181,108
181,128,129,181,143
181,128,129,181,16
147,45,118,147,87
147,45,118,147,196
147,45,118,147,129
147,45,118,147,70
81,1,195,81,120
81,1,195,81,169
81,1,195,81,46
81,1,195,81,192
75,191,192,75,179
75,191,192,75,133
75,191,192,75,35
75,191,192,75,111
133,197,18,133,51
133,197,18,133,45
133,197,18,133,47
133,197,18,133,49
133,197,18,133,88
171,8,190,171,173
171,8,190,171,125
171,8,190,171,135
171,8,190,171,62
171,8,190,171,186
157,148,100,157,159
157,148,100,157,163
157,148,100,157,2
157,148,100,157,73
29,95,127,29,122
29,95,127,29,49
29,95,127,29,46
29,95,127,29,29
29,95,127,29,77
29,95,127,29,62
29,95,127,29,169
29,95,127,29,145
29,95,127,29,163
118,72,25,118,149
118,72,25,118,43
118,72,25,118,169
118,72,25,118,180
118,72,25,118,79
118,72,25,118,17
118,72,25,118,114
118,72,25,118,158
156,73,158,156,51
156,73,158,156,167
156,73,158,156,83
156,73,158,156,64
135,41,71,135,66
135,41,71,135,28
135,41,71,135,106
135,41,71,135,166
135,41,71,135,16
135,41,71,135,101
135,41,71,135,4
135,41,71,135,65
156,61,151,156,51
156,61,151,156,167
156,61,151,156,83
156,61,151,156,64
5,119,15,5,66
5,119,15,5,83
5,119,15,5,113
5,119,15,5,193
63,103,107,63,166
173,194,157,173,182
173,194,157,173,157
173,194,157,173,9
173,194,157,173,161
173,194,157,173,29
106,39,42,106,50
106,39,42,106,23
106,39,42,106,190
106,39,42,106,38
106,39,42,106,84
106,39,42,106,21
18,160,65,18,16
18,160,65,18,85
18,160,65,18,68
200,90,118,200,120
200,90,118,200,45
200,90,118,200,34
200,90,118,200,141
200,90,118,200,96
200,90,118,200,9
200,90,118,200,28
189,174,125,189,34
189,174,125,189,82
54,179,112,54,153
54,179,112,54,149
54,179,112,54,123
54,179,112,54,148
54,179,112,54,89
58,81,180,58,160
58,81,180,58,31
58,81,180,58,64
58,81,180,58,149
145,170,1,145,88
145,170,1,145,131
145,170,1,145,33
145,170,1,145,37
145,170,1,145,55
145,170,1,145,146
145,170,1,145,54
90,197,96,90,195
90,197,96,90,95
90,197,96,90,24
90,197,96,90,123
90,197,96,90,63
90,197,96,90,171
195,168,43,195,93
195,168,43,195,134
195,168,43,195,85
155,178,30,155,145
155,178,30,155,109
167,152,22,167,45
167,152,22,167,116
167,152,22,167,115
73,106,143,73,172
73,106,143,73,13
73,106,143,73,46
73,106,143,73,34
73,106,143,73,70
93,161,193,93,179
93,161,193,93,28
93,161,193,93,26
93,161,193,93,176
128,106,198,128,159
128,106,198,128,196
128,106,198,128,102
176,55,181,176,10
176,55,181,176,85
176,55,181,176,40
176,55,181,176,155
176,55,181,176,97
176,55,181,176,37
176,55,181,176,24
176,55,181,176,124
176,55,181,176,153
92,189,109,92,127
92,189,109,92,42
92,189,109,92,58
22,148,27,22,28
22,148,27,22,11
22,148,27,22,138
22,148,27,22,171
97,183,184,97,155
97,183,184,97,152
97,183,184,97,9
97,183,184,97,93
97,183,184,97,104
28,191,12,28,23
28,191,12,28,16
28,191,12,28,71
28,191,12,28,23
28,191,12,28,72
35,191,65,35,81
35,191,65,35,155
35,191,65,35,47
35,191,65,35,132
132,79,34,132,1
132,79,34,132,46
132,79,34,132,4
132,79,34,132,122
132,79,34,132,194
132,79,34,132,17
132,79,34,132,142
185,180,86,185,78
185,180,86,185,22
185,180,86,185,116
185,180,86,185,139
185,180,86,185,163
185,180,86,185,30
185,180,86,185,43
185,180,86,185,100
185,180,86,185,197
88,51,188,88,150
88,51,188,88,189
88,51,188,88,129
88,51,188,88,93
88,51,188,88,117
88,51,188,88,104
63,178,107,63,166
53,165,73,53,194
53,165,73,53,173
53,165,73,53,118
53,165,73,53,173
53,165,73,53,43
53,165,73,53,0
59,30,179,59,101
59,30,179,59,172
59,30,179,59,8
59,30,179,59,49
59,30,179,59,139
59,30,179,59,132
137,172,169,137,14
137,172,169,137,84
137,172,169,137,62
137,172,169,137,102
137,172,169,137,165
108,133,197,108,155
108,133,197,108,45
108,133,197,108,8
72,17,68,72,9
72,17,68,72,60
72,17,68,72,61
72,17,68,72,129
72,17,68,72,72
72,17,68,72,148
89,150,164,89,5
89,150,164,89,81
89,150,164,89,199
89,150,164,89,119
89,150,164,89,48
89,150,164,89,164
89,150,164,89,94
89,150,164,89,92
89,150,164,89,118
89,150,164,89,59
89,150,164,89,113
43,50,186,43,46
43,50,186,43,172
43,50,186,43,137
157,142,126,157,159
157,142,126,157,163
157,142,126,157,2
157,142,126,157,73
80,44,14,80,131
80,44,14,80,111
80,44,14,80,15
80,44,14,80,153
80,44,14,80,20
80,44,14,80,41
80,44,14,80,153
80,44,14,80,45
49,183,98,49,70
49,183,98,49,23
49,183,98,49,14
49,183,98,49,123
49,183,98,49,29
49,183,98,49,0
134,22,36,134,195
134,22,36,134,152
134,22,36,134,64
158,59,28,158,41
158,59,28,158,15
158,59,28,158,150
187,182,186,187,198
187,182,186,187,157
113,148,55,113,75
113,148,55,113,73
113,148,55,113,97
113,148,55,113,193
113,148,55,113,32
113,148,55,113,34
113,148,55,113,182
113,148,55,113,112
150,179,197,150,181
150,179,197,150,67
150,179,197,150,200
150,179,197,150,95
150,179,197,150,140
52,95,135,52,42
52,95,135,52,8
52,95,135,52,94
52,95,135,52,167
52,95,135,52,176
32,40,61,32,155
32,40,61,32,148
32,40,61,32,162
32,40,61,32,147
32,40,61,32,192
32,40,61,32,133
40,121,93,40,185
40,121,93,40,100
40,121,93,40,37
40,121,93,40,54
200,96,35,200,120
200,96,35,200,45
200,96,35,200,34
200,96,35,200,141
200,96,35,200,96
200,96,35,200,9
200,96,35,200,28
60,197,31,60,169
60,197,31,60,152
60,197,31,60,70
60,197,31,60,172
123,42,72,123,8
123,42,72,123,189
123,42,72,123,143
199,190,133,199,82
199,190,133,199,63
199,190,133,199,155
91,133,44,91,147
91,133,44,91,47
91,133,44,91,14
91,133,44,91,54
91,133,44,91,113
91,133,44,91,190
91,133,44,91,182
91,133,44,91,6
91,133,44,91,129
50,86,98,50,7
50,86,98,50,47
50,86,98,50,136
50,86,98,50,25
50,86,98,50,51
50,86,98,50,31
50,86,98,50,158
50,86,98,50,156
50,86,98,50,21
50,86,98,50,177
50,86,98,50,130
117,26,107,117,200
117,26,107,117,121
117,26,107,117,193
117,26,107,117,174
117,26,107,117,28
117,26,107,117,28
20,128,42,20,156
20,128,42,20,31
20,128,42,20,30
126,88,124,126,52
126,88,124,126,55
126,88,124,126,180
126,88,124,126,171
126,88,124,126,186
126,88,124,126,160
126,88,124,126,169
167,67,124,167,45
167,67,124,167,116
167,67,124,167,115
19,179,50,19,151
19,179,50,19,79
19,179,50,19,63
19,179,50,19,107
19,179,50,19,198
19,179,50,19,113
188,165,200,188,189
188,165,200,188,28
188,165,200,188,135
188,165,200,188,42
83,9,66,83,142
83,9,66,83,85
83,9,66,83,175
83,9,66,83,28
61,165,21,61,35
61,165,21,61,125
61,165,21,61,72
61,165,21,61,127
61,165,21,61,122
61,165,21,61,32
61,165,21,61,136
54,104,72,54,153
54,104,72,54,149
54,104,72,54,123
54,104,72,54,148
54,104,72,54,89
59,21,128,59,101
59,21,128,59,172
59,21,128,59,8
59,21,128,59,49
59,21,128,59,139
59,21,128,59,132
50,36,179,50,7
50,36,179,50,47
50,36,179,50,136
50,36,179,50,25
50,36,179,50,51
50,36,179,50,31
50,36,179,50,158
50,36,179,50,156
50,36,179,50,21
50,36,179,50,177
50,36,179,50,130
89,199,148,89,5
89,199,148,89,81
89,199,148,89,199
89,199,148,89,119
89,199,148,89,48
89,199,148,89,164
89,199,148,89,94
89,199,148,89,92
89,199,148,89,118
89,199,148,89,59
89,199,148,89,113
108,125,95,108,155
108,125,95,108,45
108,125,95,108,8
155,106,47,155,145
155,106,47,155,109
123,0,96,123,8
123,0,96,123,189
123,0,96,123,143
159,173,81,159,139
159,173,81,159,57
129,185,13,129,110
129,185,13,129,125
129,185,13,129,121
129,185,13,129,31
129,185,13,129,32
129,185,13,129,179
129,185,13,129,195
129,185,13,129,63
129,185,13,129,195
19,102,41,19,151
19,102,41,19,79
19,102,41,19,63
19,102,41,19,107
19,102,41,19,198
19,102,41,19,113
66,58,80,66,195
66,58,80,66,7
66,58,80,66,135
66,58,80,66,138
66,58,80,66,128
66,58,80,66,18
66,58,80,66,101
126,32,62,126,52
126,32,62,126,55
126,32,62,126,180
126,32,62,126,171
126,32,62,126,186
126,32,62,126,160
126,32,62,126,169
33,81,178,33,91
33,81,178,33,154
33,81,178,33,102
33,81,178,33,197
33,81,178,33,107
156,139,129,156,51
156,139,129,156,167
156,139,129,156,83
156,139,129,156,64
160,112,115,160,144
160,112,115,160,77
160,112,115,160,163
160,112,115,160,164
160,112,115,160,89
160,112,115,160,51
160,112,115,160,144
160,112,115,160,90
160,112,115,160,41
160,112,115,160,51
177,77,63,177,189
177,77,63,177,133
177,77,63,177,19
177,77,63,177,94
0,49,176,0,99
0,49,176,0,83
0,49,176,0,75
123,75,16,123,8
123,75,16,123,189
123,75,16,123,143
93,98,76,93,179
93,98,76,93,28
93,98,76,93,26
93,98,76,93,176
0,135,109,0,99
0,135,109,0,83
0,135,109,0,75
155,105,156,155,145
155,105,156,155,109
22,38,169,22,28
22,38,169,22,11
22,38,169,22,138
22,38,169,22,171
189,67,160,189,34
189,67,160,189,82
131,119,150,131,108
131,119,150,131,62
131,119,150,131,138
131,119,150,131,124
131,119,150,131,9
95,113,133,95,106
95,113,133,95,129
95,113,133,95,125
95,113,133,95,57
47,175,20,47,24
47,175,20,47,89
47,175,20,47,121
47,175,20,47,109
10,61,132,10,11
10,61,132,10,23
10,61,132,10,107
10,61,132,10,26
10,61,132,10,49
130,35,39,130,70
130,35,39,130,134
130,35,39,130,158
130,35,39,130,111
130,35,39,130,68
130,35,39,130,73
130,35,39,130,54
15,42,154,15,136
15,42,154,15,13
15,42,154,15,13
15,42,154,15,165
15,42,154,15,107
15,42,154,15,138
137,74,99,137,14
137,74,99,137,84
137,74,99,137,62
137,74,99,137,102
137,74,99,137,165
161,147,14,161,116
161,147,14,161,187
161,147,14,161,176
161,147,14,161,8
161,147,14,161,179
79,39,28,79,140
79,39,28,79,107
79,39,28,79,61
79,39,28,79,38
79,39,28,79,3
79,39,28,79,61
79,39,28,79,73
82,71,52,82,89
82,71,52,82,166
82,71,52,82,111
82,71,52,82,86
82,71,52,82,2
96,197,174,96,11
96,197,174,96,83
96,197,174,96,43
96,197,174,96,103
96,197,174,96,65
96,197,174,96,158
189,0,70,189,34
189,0,70,189,82
15,185,85,15,136
15,185,85,15,13
15,185,85,15,13
15,185,85,15,165
15,185,85,15,107
15,185,85,15,138
197,139,121,197,160
197,139,121,197,164
197,139,121,197,171
197,139,121,197,115
104,84,88,104,51
104,84,88,104,50
104,84,88,104,31
104,84,88,104,5
104,84,88,104,155
104,84,88,104,159
104,84,88,104,79
104,84,88,104,189
104,84,88,104,40
19,177,22,19,151
19,177,22,19,79
19,177,22,19,63
19,177,22,19,107
19,177,22,19,198
19,177,22,19,113
137,184,96,137,14
137,184,96,137,84
137,184,96,137,62
137,184,96,137,102
137,184,96,137,165
103,164,156,103,34
103,164,156,103,56
103,164,156,103,165
103,164,156,103,7
103,164,156,103,34
12,93,143,12,30
12,93,143,12,11
12,93,143,12,137
12,93,143,12,21
12,93,143,12,168
12,93,143,12,57
153,197,167,153,2
153,197,167,153,186
153,197,167,153,19
79,160,133,79,140
79,160,133,79,107
79,160,133,79,61
79,160,133,79,38
79,160,133,79,3
79,160,133,79,61
79,160,133,79,73
87,116,61,87,58
87,116,61,87,151
87,116,61,87,132
87,116,61,87,185
87,116,61,87,73
87,116,61,87,6
87,116,61,87,73
178,171,197,178,131
178,171,197,178,162
156,188,119,156,51
156,188,119,156,167
156,188,119,156,83
156,188,119,156,64
33,77,61,33,91
33,77,61,33,154
33,77,61,33,102
33,77,61,33,197
33,77,61,33,107
51,179,129,51,143
51,179,129,51,23
51,179,129,51,26
51,179,129,51,30
51,179,129,51,48
130,21,200,130,70
130,21,200,130,134
130,21,200,130,158
130,21,200,130,111
130,21,200,130,68
130,21,200,130,73
130,21,200,130,54
114,91,134,114,144
114,91,134,114,173
114,91,134,114,190
114,91,134,114,162
7,8,67,7,2
7,8,67,7,121
7,8,67,7,161
7,8,67,7,159
7,8,67,7,100
7,8,67,7,70
150,79,84,150,181
150,79,84,150,67
150,79,84,150,200
150,79,84,150,95
150,79,84,150,140
193,19,12,193,169
193,19,12,193,79
193,19,12,193,116
163,69,81,163,63
163,69,81,163,123
163,69,81,163,152
163,69,81,163,195
163,69,81,163,4
33,115,152,33,91
33,115,152,33,154
33,115,152,33,102
33,115,152,33,197
33,115,152,33,107
193,8,15,193,169
193,8,15,193,79
193,8,15,193,116
43,23,154,43,46
43,23,154,43,172
43,23,154,43,137
167,163,127,167,45
167,163,127,167,116
167,163,127,167,115
157,45,134,157,159
157,45,134,157,163
157,45,134,157,2
157,45,134,157,73
59,157,16,59,101
59,157,16,59,172
59,157,16,59,8
59,157,16,59,49
59,157,16,59,139
59,157,16,59,132
199,120,90,199,82
199,120,90,199,63
199,120,90,199,155
27,195,61,27,11
27,195,61,27,26
27,195,61,27,88
27,195,61,27,36
27,195,61,27,174
107,47,16,107,169
107,47,16,107,131
107,47,16,107,67
107,47,16,107,124
107,47,16,107,200
107,47,16,107,27
107,47,16,107,89
73,68,26,73,172
73,68,26,73,13
73,68,26,73,46
73,68,26,73,34
73,68,26,73,70
133,142,152,133,51
133,142,152,133,45
133,142,152,133,47
133,142,152,133,49
133,142,152,133,88
156,198,52,156,51
156,198,52,156,167
156,198,52,156,83
156,198,52,156,64
57,101,28,57,46
57,101,28,57,92
57,101,28,57,51
57,101,28,57,81
57,101,28,57,153
53,60,46,53,194
53,60,46,53,173
53,60,46,53,118
53,60,46,53,173
53,60,46,53,43
53,60,46,53,0
124,40,77,124,39
124,40,77,124,166
124,40,77,124,41
124,40,77,124,175
124,40,77,124,75
110,47,13,110,160
110,47,13,110,144
110,47,13,110,20
110,47,13,110,147
110,47,13,110,81
123,76,174,123,8
123,76,174,123,189
123,76,174,123,143
27,95,163,27,11
27,95,163,27,26
27,95,163,27,88
27,95,163,27,36
27,95,163,27,174
71,133,44,71,87
71,133,44,71,85
50,98,158,50,7
50,98,158,50,47
50,98,158,50,136
50,98,158,50,25
50,98,158,50,51
50,98,158,50,31
50,98,158,50,158
50,98,158,50,156
50,98,158,50,21
50,98,158,50,177
50,98,158,50,130
168,161,147,168,172
168,161,147,168,81
168,161,147,168,125
168,161,147,168,103
168,161,147,168,11
58,66,22,58,160
58,66,22,58,31
58,66,22,58,64
58,66,22,58,149
163,133,113,163,63
163,133,113,163,123
163,133,113,163,152
163,133,113,163,195
163,133,113,163,4
59,107,199,59,101
59,107,199,59,172
59,107,199,59,8
59,107,199,59,49
59,107,199,59,139
59,107,199,59,132
130,131,168,130,70
130,131,168,130,134
130,131,168,130,158
130,131,168,130,111
130,131,168,130,68
130,131,168,130,73
130,131,168,130,54
67,91,10,67,71
67,91,10,67,135
67,91,10,67,75
67,91,10,67,148
94,121,99,94,77
94,121,99,94,50
94,121,99,94,40
94,121,99,94,159
199,123,91,199,82
199,123,91,199,63
199,123,91,199,155
135,121,50,135,66
135,121,50,135,28
135,121,50,135,106
135,121,50,135,166
135,121,50,135,16
135,121,50,135,101
135,121,50,135,4
135,121,50,135,65
194,125,193,194,64
194,125,193,194,31
194,125,193,194,11
194,125,193,194,7
194,125,193,194,179
194,125,193,194,44
194,125,193,194,136
37,27,114,37,21
37,27,114,37,16
37,27,114,37,169
37,27,114,37,14
129,62,44,129,110
129,62,44,129,125
129,62,44,129,121
129,62,44,129,31
129,62,44,129,32
129,62,44,129,179
129,62,44,129,195
129,62,44,129,63
129,62,44,129,195
199,162,135,199,82
199,162,135,199,63
199,162,135,199,155
58,165,183,58,160
58,165,183,58,31
58,165,183,58,64
58,165,183,58,149
171,62,164,171,173
171,62,164,171,125
171,62,164,171,135
171,62,164,171,62
171,62,164,171,186
35,146,103,35,81
35,146,103,35,155
35,146,103,35,47
35,146,103,35,132
173,190,151,173,182
173,190,151,173,157
173,190,151,173,9
173,190,151,173,161
173,190,151,173,29
9,75,114,9,42
9,75,114,9,181
9,75,114,9,150
9,75,114,9,140
9,75,114,9,125
9,75,114,9,98
9,75,114,9,200
9,75,114,9,173
164,90,107,164,10
164,90,107,164,47
164,90,107,164,197
164,90,107,164,54
164,90,107,164,139
104,141,152,104,51
104,141,152,104,50
104,141,152,104,31
104,141,152,104,5
104,141,152,104,155
104,141,152,104,159
104,141,152,104,79
104,141,152,104,189
104,141,152,104,40
172,196,200,172,178
172,196,200,172,93
172,196,200,172,181
172,196,200,172,186
108,82,19,108,155
108,82,19,108,45
108,82,19,108,8
0,47,120,0,99
0,47,120,0,83
0,47,120,0,75
96,72,166,96,11
96,72,166,96,83
96,72,166,96,43
96,72,166,96,103
96,72,166,96,65
96,72,166,96,158
102,22,152,102,152
102,22,152,102,25
102,22,152,102,101
102,22,152,102,39
102,22,152,102,78
188,99,157,188,189
188,99,157,188,28
188,99,157,188,135
188,99,157,188,42
150,85,108,150,181
150,85,108,150,67
150,85,108,150,200
150,85,108,150,95
150,85,108,150,140
174,64,160,174,143
174,64,160,174,21
174,64,160,174,42
174,64,160,174,115
174,64,160,174,134
174,64,160,174,118
81,176,17,81,120
81,176,17,81,169
81,176,17,81,46
81,176,17,81,192
105,159,36,105,137
139,77,58,139,76
139,77,58,139,61
139,77,58,139,186
139,77,58,139,190
139,77,58,139,63
139,77,58,139,151
139,77,58,139,63
168,143,117,168,172
168,143,117,168,81
168,143,117,168,125
168,143,117,168,103
168,143,117,168,11
158,102,169,158,41
158,102,169,158,15
158,102,169,158,150
136,26,44,136,69
136,26,44,136,126
136,26,44,136,134
136,26,44,136,78
136,26,44,136,96
136,26,44,136,155
112,5,75,112,99
112,5,75,112,139
112,5,75,112,163
112,5,75,112,89
112,5,75,112,18
112,5,75,112,176
112,5,75,112,45
112,5,75,112,10
112,5,75,112,91
22,147,75,22,28
22,147,75,22,11
22,147,75,22,138
22,147,75,22,171
87,140,196,87,58
87,140,196,87,151
87,140,196,87,132
87,140,196,87,185
87,140,196,87,73
87,140,196,87,6
87,140,196,87,73
84,101,57,84,45
174,36,23,174,143
174,36,23,174,21
174,36,23,174,42
174,36,23,174,115
174,36,23,174,134
174,36,23,174,118
192,0,29,192,77
192,0,29,192,32
192,0,29,192,166
192,0,29,192,58
192,0,29,192,64
192,0,29,192,46
192,0,29,192,138
192,0,29,192,85
192,0,29,192,163
192,0,29,192,87
192,0,29,192,5
191,143,145,191,168
191,143,145,191,96
191,143,145,191,27
191,143,145,191,141
191,143,145,191,81
1,172,29,1,138
1,172,29,1,147
1,172,29,1,12
1,172,29,1,25
1,172,29,1,74
1,172,29,1,115
1,172,29,1,6
96,19,165,96,11
96,19,165,96,83
96,19,165,96,43
96,19,165,96,103
96,19,165,96,65
96,19,165,96,158
59,125,72,59,101
59,125,72,59,172
59,125,72,59,8
59,125,72,59,49
59,125,72,59,139
59,125,72,59,132
165,191,44,165,58
165,191,44,165,68
165,191,44,165,178
47,47,73,47,24
47,47,73,47,89
47,47,73,47,121
47,47,73,47,109
187,148,67,187,198
187,148,67,187,157
176,100,58,176,10
176,100,58,176,85
176,100,58,176,40
176,100,58,176,155
176,100,58,176,97
176,100,58,176,37
176,100,58,176,24
176,100,58,176,124
176,100,58,176,153
38,103,126,38,183
38,103,126,38,197
38,103,126,38,10
82,62,142,82,89
82,62,142,82,166
82,62,142,82,111
82,62,142,82,86
82,62,142,82,2
58,80,32,58,160
58,80,32,58,31
58,80,32,58,64
58,80,32,58,149
181,107,173,181,137
181,107,173,181,1
181,107,173,181,172
181,107,173,181,67
181,107,173,181,108
181,107,173,181,143
181,107,173,181,16
27,13,34,27,11
27,13,34,27,26
27,13,34,27,88
27,13,34,27,36
27,13,34,27,174
112,17,48,112,99
112,17,48,112,139
112,17,48,112,163
112,17,48,112,89
112,17,48,112,18
112,17,48,112,176
112,17,48,112,45
112,17,48,112,10
112,17,48,112,91
96,4,181,96,11
96,4,181,96,83
96,4,181,96,43
96,4,181,96,103
96,4,181,96,65
96,4,181,96,158
35,110,90,35,81
35,110,90,35,155
35,110,90,35,47
35,110,90,35,132
197,5,124,197,160
197,5,124,197,164
197,5,124,197,171
197,5,124,197,115
197,56,113,197,160
197,56,113,197,164
197,56,113,197,171
197,56,113,197,115
66,17,76,66,195
66,17,76,66,7
66,17,76,66,135
66,17,76,66,138
66,17,76,66,128
66,17,76,66,18
66,17,76,66,101
1,75,77,1,138
1,75,77,1,147
1,75,77,1,12
1,75,77,1,25
1,75,77,1,74
1,75,77,1,115
1,75,77,1,6
187,144,192,187,198
187,144,192,187,157
31,139,69,31,171
31,139,69,31,25
58,33,125,58,160
58,33,125,58,31
58,33,125,58,64
58,33,125,58,149
134,170,143,134,195
134,170,143,134,152
134,170,143,134,64
146,151,55,146,62
146,151,55,146,181
146,151,55,146,133
146,151,55,146,21
146,151,55,146,143
146,151,55,146,9
30,110,98,30,116
30,110,98,30,18
113,121,149,113,75
113,121,149,113,73
113,121,149,113,97
113,121,149,113,193
113,121,149,113,32
113,121,149,113,34
113,121,149,113,182
113,121,149,113,112
150,178,176,150,181
150,178,176,150,67
150,178,176,150,200
150,178,176,150,95
150,178,176,150,140
79,120,127,79,140
79,120,127,79,107
79,120,127,79,61
79,120,127,79,38
79,120,127,79,3
79,120,127,79,61
79,120,127,79,73
163,153,191,163,63
163,153,191,163,123
163,153,191,163,152
163,153,191,163,195
163,153,191,163,4
87,134,189,87,58
87,134,189,87,151
87,134,189,87,132
87,134,189,87,185
87,134,189,87,73
87,134,189,87,6
87,134,189,87,73
172,100,35,172,178
172,100,35,172,93
172,100,35,172,181
172,100,35,172,186
60,10,29,60,169
60,10,29,60,152
60,10,29,60,70
60,10,29,60,172
12,18,57,12,30
12,18,57,12,11
12,18,57,12,137
12,18,57,12,21
12,18,57,12,168
12,18,57,12,57
10,160,162,10,11
10,160,162,10,23
10,160,162,10,107
10,160,162,10,26
10,160,162,10,49
32,166,193,32,155
32,166,193,32,148
32,166,193,32,162
32,166,193,32,147
32,166,193,32,192
32,166,193,32,133
154,196,7,154,63
154,196,7,154,93
154,196,7,154,87
154,196,7,154,88
154,196,7,154,178
156,13,34,156,51
156,13,34,156,167
156,13,34,156,83
156,13,34,156,64
118,17,137,118,149
118,17,137,118,43
118,17,137,118,169
118,17,137,118,180
118,17,137,118,79
118,17,137,118,17
118,17,137,118,114
118,17,137,118,158
87,24,40,87,58
87,24,40,87,151
87,24,40,87,132
87,24,40,87,185
87,24,40,87,73
87,24,40,87,6
87,24,40,87,73
68,140,194,68,10
68,140,194,68,34
68,140,194,68,145
68,140,194,68,28
68,140,194,68,56
26,182,121,26,38
26,182,121,26,190
123,60,92,123,8
123,60,92,123,189
123,60,92,123,143
5,53,197,5,66
5,53,197,5,83
5,53,197,5,113
5,53,197,5,193
138,128,68,138,41
138,128,68,138,26
138,128,68,138,166
138,128,68,138,28
138,128,68,138,55
95,148,186,95,106
95,148,186,95,129
95,148,186,95,125
95,148,186,95,57
40,139,144,40,185
40,139,144,40,100
40,139,144,40,37
40,139,144,40,54
166,192,128,166,45
166,192,128,166,76
166,192,128,166,117
166,192,128,166,162
166,192,128,166,34
137,54,102,137,14
137,54,102,137,84
137,54,102,137,62
137,54,102,137,102
137,54,102,137,165
88,183,169,88,150
88,183,169,88,189
88,183,169,88,129
88,183,169,88,93
88,183,169,88,117
88,183,169,88,104
161,77,189,161,116
161,77,189,161,187
161,77,189,161,176
161,77,189,161,8
161,77,189,161,179
130,0,7,130,70
130,0,7,130,134
130,0,7,130,158
130,0,7,130,111
130,0,7,130,68
130,0,7,130,73
130,0,7,130,54
22,33,99,22,28
22,33,99,22,11
22,33,99,22,138
22,33,99,22,171
112,108,46,112,99
112,108,46,112,139
112,108,46,112,163
112,108,46,112,89
112,108,46,112,18
112,108,46,112,176
112,108,46,112,45
112,108,46,112,10
112,108,46,112,91
146,150,169,146,62
146,150,169,146,181
146,150,169,146,133
146,150,169,146,21
146,150,169,146,143
146,150,169,146,9
108,148,137,108,155
108,148,137,108,45
108,148,137,108,8
140,187,76,140,0
140,187,76,140,59
140,187,76,140,72
140,187,76,140,187
140,187,76,140,175
64,30,176,64,156
64,30,176,64,70
64,30,176,64,170
64,30,176,64,16
64,30,176,64,70
64,30,176,64,101
64,30,176,64,27
138,108,120,138,41
138,108,120,138,26
138,108,120,138,166
138,108,120,138,28
138,108,120,138,55
27,51,112,27,11
27,51,112,27,26
27,51,112,27,88
27,51,112,27,36
27,51,112,27,174
16,189,125,16,170
16,189,125,16,63
16,189,125,16,70
16,189,125,16,106
16,189,125,16,15
27,116,118,27,11
27,116,118,27,26
27,116,118,27,88
27,116,118,27,36
27,116,118,27,174
1,68,31,1,138
1,68,31,1,147
1,68,31,1,12
1,68,31,1,25
1,68,31,1,74
1,68,31,1,115
1,68,31,1,6
160,163,186,160,144
160,163,186,160,77
160,163,186,160,163
160,163,186,160,164
160,163,186,160,89
160,163,186,160,51
160,163,186,160,144
160,163,186,160,90
160,163,186,160,41
160,163,186,160,51
53,172,32,53,194
53,172,32,53,173
53,172,32,53,118
53,172,32,53,173
53,172,32,53,43
53,172,32,53,0
170,79,19,170,64
170,79,19,170,35
170,79,19,170,143
170,79,19,170,160
170,79,19,170,22
170,79,19,170,10
170,79,19,170,32
170,79,19,170,65
170,79,19,170,170
170,79,19,170,45
131,28,184,131,108
131,28,184,131,62
131,28,184,131,138
131,28,184,131,124
131,28,184,131,9
187,82,24,187,198
187,82,24,187,157
30,76,175,30,116
30,76,175,30,18
173,107,171,173,182
173,107,171,173,157
173,107,171,173,9
173,107,171,173,161
173,107,171,173,29
84,139,95,84,45
111,38,199,111,141
111,38,199,111,170
111,38,199,111,40
111,38,199,111,110
111,38,199,111,0
84,36,45,84,45
72,158,39,72,9
72,158,39,72,60
72,158,39,72,61
72,158,39,72,129
72,158,39,72,72
72,158,39,72,148
174,135,83,174,143
174,135,83,174,21
174,135,83,174,42
174,135,83,174,115
174,135,83,174,134
174,135,83,174,118
195,146,52,195,93
195,146,52,195,134
195,146,52,195,85
10,39,88,10,11
10,39,88,10,23
10,39,88,10,107
10,39,88,10,26
10,39,88,10,49
158,86,57,158,41
158,86,57,158,15
158,86,57,158,150
103,74,82,103,34
103,74,82,103,56
103,74,82,103,165
103,74,82,103,7
103,74,82,103,34
80,102,108,80,131
80,102,108,80,111
80,102,108,80,15
80,102,108,80,153
80,102,108,80,20
80,102,108,80,41
80,102,108,80,153
80,102,108,80,45
21,119,38,21,197
21,119,38,21,193
21,119,38,21,101
21,119,38,21,85
21,119,38,21,70
21,119,38,21,140
21,119,38,21,114
21,119,38,21,123
21,119,38,21,30
31,118,139,31,171
31,118,139,31,25
194,42,169,194,64
194,42,169,194,31
194,42,169,194,11
194,42,169,194,7
194,42,169,194,179
194,42,169,194,44
194,42,169,194,136
172,100,92,172,178
172,100,92,172,93
172,100,92,172,181
172,100,92,172,186
199,164,176,199,82
199,164,176,199,63
199,164,176,199,155
180,165,141,180,169
180,165,141,180,174
180,165,141,180,25
180,165,141,180,64
74,132,66,74,198
74,132,66,74,1
74,132,66,74,63
74,132,66,74,41
74,132,66,74,161
74,132,66,74,78
119,188,71,119,70
119,188,71,119,184
119,188,71,119,148
133,33,179,133,51
133,33,179,133,45
133,33,179,133,47
133,33,179,133,49
133,33,179,133,88
78,65,98,78,70
78,65,98,78,198
78,65,98,78,136
78,65,98,78,82
78,65,98,78,187
78,65,98,78,59
162,4,38,162,174
162,4,38,162,49
51,46,190,51,143
51,46,190,51,23
51,46,190,51,26
51,46,190,51,30
51,46,190,51,48
67,128,43,67,71
67,128,43,67,135
67,128,43,67,75
67,128,43,67,148
122,75,194,122,24
122,75,194,122,54
183,169,161,183,84
183,169,161,183,57
183,169,161,183,59
157,29,132,157,159
157,29,132,157,163
157,29,132,157,2
157,29,132,157,73
64,4,76,64,156
64,4,76,64,70
64,4,76,64,170
64,4,76,64,16
64,4,76,64,70
64,4,76,64,101
64,4,76,64,27
176,164,133,176,10
176,164,133,176,85
176,164,133,176,40
176,164,133,176,155
176,164,133,176,97
176,164,133,176,37
176,164,133,176,24
176,164,133,176,124
176,164,133,176,153
185,87,54,185,78
185,87,54,185,22
185,87,54,185,116
185,87,54,185,139
185,87,54,185,163
185,87,54,185,30
185,87,54,185,43
185,87,54,185,100
185,87,54,185,197
56,196,152,56,95
56,196,152,56,167
56,196,152,56,189
56,196,152,56,68
56,196,152,56,127
56,196,152,56,179
84,43,41,84,45
142,199,174,142,133
142,199,174,142,197
142,199,174,142,145
142,199,174,142,15
142,199,174,142,168
142,199,174,142,43
142,199,174,142,182
142,199,174,142,169
142,199,174,142,78
142,199,174,142,52
142,199,174,142,147
142,199,174,142,188
150,105,28,150,181
150,105,28,150,67
150,105,28,150,200
150,105,28,150,95
150,105,28,150,140
89,47,179,89,5
89,47,179,89,81
89,47,179,89,199
89,47,179,89,119
89,47,179,89,48
89,47,179,89,164
89,47,179,89,94
89,47,179,89,92
89,47,179,89,118
89,47,179,89,59
89,47,179,89,113
117,26,95,117,200
117,26,95,117,121
117,26,95,117,193
117,26,95,117,174
117,26,95,117,28
117,26,95,117,28
48,111,54,48,157
48,111,54,48,127
48,111,54,48,60
124,198,65,124,39
124,198,65,124,166
124,198,65,124,41
124,198,65,124,175
124,198,65,124,75
26,117,107,26,38
26,117,107,26,190
123,116,1,123,8
123,116,1,123,189
123,116,1,123,143
137,68,150,137,14
137,68,150,137,84
137,68,150,137,62
137,68,150,137,102
137,68,150,137,165
93,83,115,93,179
93,83,115,93,28
93,83,115,93,26
93,83,115,93,176
109,56,173,109,19
109,56,173,109,74
109,56,173,109,83
109,56,173,109,148
195,170,32,195,93
195,170,32,195,134
195,170,32,195,85
167,125,156,167,45
167,125,156,167,116
167,125,156,167,115
154,22,12,154,63
154,22,12,154,93
154,22,12,154,87
154,22,12,154,88
154,22,12,154,178
165,34,86,165,58
165,34,86,165,68
165,34,86,165,178
20,3,173,20,156
20,3,173,20,31
20,3,173,20,30
56,129,102,56,95
56,129,102,56,167
56,129,102,56,189
56,129,102,56,68
56,129,102,56,127
56,129,102,56,179
186,115,75,186,58
186,115,75,186,40
96,79,153,96,11
96,79,153,96,83
96,79,153,96,43
96,79,153,96,103
96,79,153,96,65
96,79,153,96,158
150,141,20,150,181
150,141,20,150,67
150,141,20,150,200
150,141,20,150,95
150,141,20,150,140
25,195,86,25,176
25,195,86,25,104
25,195,86,25,92
25,195,86,25,28
25,195,86,25,122
25,195,86,25,64
25,195,86,25,191
25,195,86,25,144
114,26,11,114,144
114,26,11,114,173
114,26,11,114,190
114,26,11,114,162
192,69,150,192,77
192,69,150,192,32
192,69,150,192,166
192,69,150,192,58
192,69,150,192,64
192,69,150,192,46
192,69,150,192,138
192,69,150,192,85
192,69,150,192,163
192,69,150,192,87
192,69,150,192,5
58,19,181,58,160
58,19,181,58,31
58,19,181,58,64
58,19,181,58,149
183,22,42,183,84
183,22,42,183,57
183,22,42,183,59
185,35,118,185,78
185,35,118,185,22
185,35,118,185,116
185,35,118,185,139
185,35,118,185,163
185,35,118,185,30
185,35,118,185,43
185,35,118,185,100
185,35,118,185,197
189,162,79,189,34
189,162,79,189,82
107,161,24,107,169
107,161,24,107,131
107,161,24,107,67
107,161,24,107,124
107,161,24,107,200
107,161,24,107,27
107,161,24,107,89
116,167,143,116,159
116,167,143,116,79
116,167,143,116,154
4,100,20,4,148
4,100,20,4,89
4,100,20,4,90
63,187,98,63,166
190,181,112,190,168
190,181,112,190,197
190,181,112,190,79
190,181,112,190,155
131,149,42,131,108
131,149,42,131,62
131,149,42,131,138
131,149,42,131,124
131,149,42,131,9
127,77,124,127,164
127,77,124,127,187
127,77,124,127,113
127,77,124,127,167
127,77,124,127,152
127,77,124,127,117
46,52,146,46,168
46,52,146,46,175
46,52,146,46,155
163,82,38,163,63
163,82,38,163,123
163,82,38,163,152
163,82,38,163,195
163,82,38,163,4
29,152,187,29,122
29,152,187,29,49
29,152,187,29,46
29,152,187,29,29
29,152,187,29,77
29,152,187,29,62
29,152,187,29,169
29,152,187,29,145
29,152,187,29,163
19,157,171,19,151
19,157,171,19,79
19,157,171,19,63
19,157,171,19,107
19,157,171,19,198
19,157,171,19,113
75,30,100,75,179
75,30,100,75,133
75,30,100,75,35
75,30,100,75,111
93,17,138,93,179
93,17,138,93,28
93,17,138,93,26
93,17,138,93,176
146,149,174,146,62
146,149,174,146,181
146,149,174,146,133
146,149,174,146,21
146,149,174,146,143
146,149,174,146,9
93,53,85,93,179
93,53,85,93,28
93,53,85,93,26
93,53,85,93,176
106,102,163,106,50
106,102,163,106,23
106,102,163,106,190
106,102,163,106,38
106,102,163,106,84
106,102,163,106,21
53,55,171,53,194
53,55,171,53,173
53,55,171,53,118
53,55,171,53,173
53,55,171,53,43
53,55,171,53,0
93,55,7,93,179
93,55,7,93,28
93,55,7,93,26
93,55,7,93,176
48,102,4,48,157
48,102,4,48,127
48,102,4,48,60
23,46,105,23,85
32,191,125,32,155
32,191,125,32,148
32,191,125,32,162
32,191,125,32,147
32,191,125,32,192
32,191,125,32,133
143,24,26,143,104
143,24,26,143,169
143,24,26,143,144
143,24,26,143,35
17,79,142,17,140
17,79,142,17,105
168,161,32,168,172
168,161,32,168,81
168,161,32,168,125
168,161,32,168,103
168,161,32,168,11
2,17,5,2,168
2,17,5,2,158
2,17,5,2,101
2,17,5,2,184
197,183,141,197,160
197,183,141,197,164
197,183,141,197,171
197,183,141,197,115
32,117,47,32,155
32,117,47,32,148
32,117,47,32,162
32,117,47,32,147
32,117,47,32,192
32,117,47,32,133
197,20,49,197,160
197,20,49,197,164
197,20,49,197,171
197,20,49,197,115
35,84,133,35,81
35,84,133,35,155
35,84,133,35,47
35,84,133,35,132
95,156,127,95,106
95,156,127,95,129
95,156,127,95,125
95,156,127,95,57
152,18,176,152,54
152,18,176,152,187
152,18,176,152,101
152,18,176,152,180
152,18,176,152,146
152,18,176,152,0
152,18,176,152,108
106,71,138,106,50
106,71,138,106,23
106,71,138,106,190
106,71,138,106,38
106,71,138,106,84
106,71,138,106,21
58,146,121,58,160
58,146,121,58,31
58,146,121,58,64
58,146,121,58,149
146,47,138,146,62
146,47,138,146,181
146,47,138,146,133
146,47,138,146,21
146,47,138,146,143
146,47,138,146,9
104,166,84,104,51
104,166,84,104,50
104,166,84,104,31
104,166,84,104,5
104,166,84,104,155
104,166,84,104,159
104,166,84,104,79
104,166,84,104,189
104,166,84,104,40
73,132,60,73,172
73,132,60,73,13
73,132,60,73,46
73,132,60,73,34
73,132,60,73,70
69,27,196,69,158
69,27,196,69,177
69,27,196,69,183
69,27,196,69,174
69,27,196,69,45
69,27,196,69,75
69,27,196,69,184
69,27,196,69,92
69,27,196,69,93
69,27,196,69,59
69,27,196,69,160
69,27,196,69,25
152,100,140,152,54
152,100,140,152,187
152,100,140,152,101
152,100,140,152,180
152,100,140,152,146
152,100,140,152,0
152,100,140,152,108
97,32,154,97,155
97,32,154,97,152
97,32,154,97,9
97,32,154,97,93
97,32,154,97,104
99,22,161,99,26
99,22,161,99,160
138,28,112,138,41
138,28,112,138,26
138,28,112,138,166
138,28,112,138,28
138,28,112,138,55
62,126,169,62,121
62,126,169,62,180
62,126,169,62,161
62,126,169,62,130
32,2,192,32,155
32,2,192,32,148
32,2,192,32,162
32,2,192,32,147
32,2,192,32,192
32,2,192,32,133
29,112,140,29,122
29,112,140,29,49
29,112,140,29,46
29,112,140,29,29
29,112,140,29,77
29,112,140,29,62
29,112,140,29,169
29,112,140,29,145
29,112,140,29,163
82,7,18,82,89
82,7,18,82,166
82,7,18,82,111
82,7,18,82,86
82,7,18,82,2
114,136,160,114,144
114,136,160,114,173
114,136,160,114,190
114,136,160,114,162
71,170,90,71,87
71,170,90,71,85
163,98,98,163,63
163,98,98,163,123
163,98,98,163,152
163,98,98,163,195
163,98,98,163,4
111,42,1,111,141
111,42,1,111,170
111,42,1,111,40
111,42,1,111,110
111,42,1,111,0
115,153,64,115,3
115,153,64,115,145
115,153,64,115,199
115,153,64,115,50
190,130,194,190,168
190,130,194,190,197
190,130,194,190,79
190,130,194,190,155
197,89,5,197,160
197,89,5,197,164
197,89,5,197,171
197,89,5,197,115
157,198,108,157,159
157,198,108,157,163
157,198,108,157,2
157,198,108,157,73
108,9,140,108,155
108,9,140,108,45
108,9,140,108,8
23,35,87,23,85
68,8,26,68,10
68,8,26,68,34
68,8,26,68,145
68,8,26,68,28
68,8,26,68,56
125,108,74,125,50
125,108,74,125,109
125,108,74,125,115
125,108,74,125,141
51,200,124,51,143
51,200,124,51,23
51,200,124,51,26
51,200,124,51,30
51,200,124,51,48
61,142,195,61,35
61,142,195,61,125
61,142,195,61,72
61,142,195,61,127
61,142,195,61,122
61,142,195,61,32
61,142,195,61,136
162,101,40,162,174
162,101,40,162,49
123,144,196,123,8
123,144,196,123,189
123,144,196,123,143
130,42,33,130,70
130,42,33,130,134
130,42,33,130,158
130,42,33,130,111
130,42,33,130,68
130,42,33,130,73
130,42,33,130,54
72,169,54,72,9
72,169,54,72,60
72,169,54,72,61
72,169,54,72,129
72,169,54,72,72
72,169,54,72,148
160,78,125,160,144
160,78,125,160,77
160,78,125,160,163
160,78,125,160,164
160,78,125,160,89
160,78,125,160,51
160,78,125,160,144
160,78,125,160,90
160,78,125,160,41
160,78,125,160,51
89,182,179,89,5
89,182,179,89,81
89,182,179,89,199
89,182,179,89,119
89,182,179,89,48
89,182,179,89,164
89,182,179,89,94
89,182,179,89,92
89,182,179,89,118
89,182,179,89,59
89,182,179,89,113
25,116,125,25,176
25,116,125,25,104
25,116,125,25,92
25,116,125,25,28
25,116,125,25,122
25,116,125,25,64
25,116,125,25,191
25,116,125,25,144
38,110,50,38,183
38,110,50,38,197
38,110,50,38,10
190,62,41,190,168
190,62,41,190,197
190,62,41,190,79
190,62,41,190,155
105,180,3,105,137
180,172,166,180,169
180,172,166,180,174
180,172,166,180,25
180,172,166,180,64
41,67,189,41,163
41,67,189,41,82
41,67,189,41,27
41,67,189,41,198
41,67,189,41,145
41,67,189,41,13
41,67,189,41,99
2,19,139,2,168
2,19,139,2,158
2,19,139,2,101
2,19,139,2,184
75,14,187,75,179
75,14,187,75,133
75,14,187,75,35
75,14,187,75,111
176,87,180,176,10
176,87,180,176,85
176,87,180,176,40
176,87,180,176,155
176,87,180,176,97
176,87,180,176,37
176,87,180,176,24
176,87,180,176,124
176,87,180,176,153
57,77,92,57,46
57,77,92,57,92
57,77,92,57,51
57,77,92,57,81
57,77,92,57,153
141,43,115,141,92
141,43,115,141,154
141,43,115,141,148
141,43,115,141,50
83,122,108,83,142
83,122,108,83,85
83,122,108,83,175
83,122,108,83,28
118,130,154,118,149
118,130,154,118,43
118,130,154,118,169
118,130,154,118,180
118,130,154,118,79
118,130,154,118,17
118,130,154,118,114
118,130,154,118,158
53,198,52,53,194
53,198,52,53,173
53,198,52,53,118
53,198,52,53,173
53,198,52,53,43
53,198,52,53,0
67,129,130,67,71
67,129,130,67,135
67,129,130,67,75
67,129,130,67,148
159,3,105,159,139
159,3,105,159,57
59,146,182,59,101
59,146,182,59,172
59,146,182,59,8
59,146,182,59,49
59,146,182,59,139
59,146,182,59,132
43,183,189,43,46
43,183,189,43,172
43,183,189,43,137
135,84,127,135,66
135,84,127,135,28
135,84,127,135,106
135,84,127,135,166
135,84,127,135,16
135,84,127,135,101
135,84,127,135,4
135,84,127,135,65
52,108,164,52,42
52,108,164,52,8
52,108,164,52,94
52,108,164,52,167
52,108,164,52,176
191,64,19,191,168
191,64,19,191,96
191,64,19,191,27
191,64,19,191,141
191,64,19,191,81
168,195,187,168,172
168,195,187,168,81
168,195,187,168,125
168,195,187,168,103
168,195,187,168,11
119,98,133,119,70
119,98,133,119,184
119,98,133,119,148
58,163,160,58,160
58,163,160,58,31
58,163,160,58,64
58,163,160,58,149
61,183,115,61,35
61,183,115,61,125
61,183,115,61,72
61,183,115,61,127
61,183,115,61,122
61,183,115,61,32
61,183,115,61,136
183,37,79,183,84
183,37,79,183,57
183,37,79,183,59
124,56,185,124,39
124,56,185,124,166
124,56,185,124,41
124,56,185,124,175
124,56,185,124,75
64,57,41,64,156
64,57,41,64,70
64,57,41,64,170
64,57,41,64,16
64,57,41,64,70
64,57,41,64,101
64,57,41,64,27
52,83,167,52,42
52,83,167,52,8
52,83,167,52,94
52,83,167,52,167
52,83,167,52,176
154,157,33,154,63
154,157,33,154,93
154,157,33,154,87
154,157,33,154,88
154,157,33,154,178
150,198,112,150,181
150,198,112,150,67
150,198,112,150,200
150,198,112,150,95
150,198,112,150,140
157,8,180,157,159
157,8,180,157,163
157,8,180,157,2
157,8,180,157,73
151,163,18,151,119
151,163,18,151,14
196,122,1,196,100
196,122,1,196,28
196,122,1,196,138
196,122,1,196,123
196,122,1,196,67
73,96,23,73,172
73,96,23,73,13
73,96,23,73,46
73,96,23,73,34
73,96,23,73,70
11,14,191,11,89
11,14,191,11,23
11,14,191,11,55
11,14,191,11,100
192,54,45,192,77
192,54,45,192,32
192,54,45,192,166
192,54,45,192,58
192,54,45,192,64
192,54,45,192,46
192,54,45,192,138
192,54,45,192,85
192,54,45,192,163
192,54,45,192,87
192,54,45,192,5
152,102,135,152,54
152,102,135,152,187
152,102,135,152,101
152,102,135,152,180
152,102,135,152,146
152,102,135,152,0
152,102,135,152,108
90,114,10,90,195
90,114,10,90,95
90,114,10,90,24
90,114,10,90,123
90,114,10,90,63
90,114,10,90,171
62,82,20,62,121
62,82,20,62,180
62,82,20,62,161
62,82,20,62,130
13,19,111,13,107
13,19,111,13,24
13,19,111,13,62
13,19,111,13,145
13,19,111,13,193
13,19,111,13,106
13,19,111,13,145
13,19,111,13,84
102,132,136,102,152
102,132,136,102,25
102,132,136,102,101
102,132,136,102,39
102,132,136,102,78
102,48,155,102,152
102,48,155,102,25
102,48,155,102,101
102,48,155,102,39
102,48,155,102,78
48,50,117,48,157
48,50,117,48,127
48,50,117,48,60
7,172,76,7,2
7,172,76,7,121
7,172,76,7,161
7,172,76,7,159
7,172,76,7,100
7,172,76,7,70
46,39,188,46,168
46,39,188,46,175
46,39,188,46,155
138,21,109,138,41
138,21,109,138,26
138,21,109,138,166
138,21,109,138,28
138,21,109,138,55
143,198,44,143,104
143,198,44,143,169
143,198,44,143,144
143,198,44,143,35
87,144,74,87,58
87,144,74,87,151
87,144,74,87,132
87,144,74,87,185
87,144,74,87,73
87,144,74,87,6
87,144,74,87,73
139,102,54,139,76
139,102,54,139,61
139,102,54,139,186
139,102,54,139,190
139,102,54,139,63
139,102,54,139,151
139,102,54,139,63
87,79,144,87,58
87,79,144,87,151
87,79,144,87,132
87,79,144,87,185
87,79,144,87,73
87,79,144,87,6
87,79,144,87,73
85,163,113,85,51
85,163,113,85,40
85,163,113,85,161
129,43,104,129,110
129,43,104,129,125
129,43,104,129,121
129,43,104,129,31
129,43,104,129,32
129,43,104,129,179
129,43,104,129,195
129,43,104,129,63
129,43,104,129,195
18,191,170,18,16
18,191,170,18,85
18,191,170,18,68
187,106,107,187,198
187,106,107,187,157
130,144,194,130,70
130,144,194,130,134
130,144,194,130,158
130,144,194,130,111
130,144,194,130,68
130,144,194,130,73
130,144,194,130,54
200,14,117,200,120
200,14,117,200,45
200,14,117,200,34
200,14,117,200,141
200,14,117,200,96
200,14,117,200,9
200,14,117,200,28
195,149,127,195,93
195,149,127,195,134
195,149,127,195,85
109,0,24,109,19
109,0,24,109,74
109,0,24,109,83
109,0,24,109,148
186,157,65,186,58
186,157,65,186,40
87,58,22,87,58
87,58,22,87,151
87,58,22,87,132
87,58,22,87,185
87,58,22,87,73
87,58,22,87,6
87,58,22,87,73
11,111,103,11,89
11,111,103,11,23
11,111,103,11,55
11,111,103,11,100
197,81,175,197,160
197,81,175,197,164
197,81,175,197,171
197,81,175,197,115
60,4,73,60,169
60,4,73,60,152
60,4,73,60,70
60,4,73,60,172
69,33,198,69,158
69,33,198,69,177
69,33,198,69,183
69,33,198,69,174
69,33,198,69,45
69,33,198,69,75
69,33,198,69,184
69,33,198,69,92
69,33,198,69,93
69,33,198,69,59
69,33,198,69,160
69,33,198,69,25
171,70,108,171,173
171,70,108,171,125
171,70,108,171,135
171,70,108,171,62
171,70,108,171,186
83,63,142,83,142
83,63,142,83,85
83,63,142,83,175
83,63,142,83,28
167,191,56,167,45
167,191,56,167,116
167,191,56,167,115
168,33,75,168,172
168,33,75,168,81
168,33,75,168,125
168,33,75,168,103
168,33,75,168,11
173,109,200,173,182
173,109,200,173,157
173,109,200,173,9
173,109,200,173,161
173,109,200,173,29
46,40,151,46,168
46,40,151,46,175
46,40,151,46,155
93,23,16,93,179
93,23,16,93,28
93,23,16,93,26
93,23,16,93,176
63,69,45,63,166
120,112,182,120,88
120,112,182,120,9
67,172,72,67,71
67,172,72,67,135
67,172,72,67,75
67,172,72,67,148
103,143,131,103,34
103,143,131,103,56
103,143,131,103,165
103,143,131,103,7
103,143,131,103,34
181,43,34,181,137
181,43,34,181,1
181,43,34,181,172
181,43,34,181,67
181,43,34,181,108
181,43,34,181,143
181,43,34,181,16
125,142,130,125,50
125,142,130,125,109
125,142,130,125,115
125,142,130,125,141
89,114,161,89,5
89,114,161,89,81
89,114,161,89,199
89,114,161,89,119
89,114,161,89,48
89,114,161,89,164
89,114,161,89,94
89,114,161,89,92
89,114,161,89,118
89,114,161,89,59
89,114,161,89,113
100,123,198,100,169
100,123,198,100,26
100,123,198,100,42
100,123,198,100,175
100,123,198,100,152
100,123,198,100,180
137,99,22,137,14
137,99,22,137,84
137,99,22,137,62
137,99,22,137,102
137,99,22,137,165
40,37,54,40,185
40,37,54,40,100
40,37,54,40,37
40,37,54,40,54
147,176,41,147,87
147,176,41,147,196
147,176,41,147,129
147,176,41,147,70
19,124,39,19,151
19,124,39,19,79
19,124,39,19,63
19,124,39,19,107
19,124,39,19,198
19,124,39,19,113
197,3,93,197,160
197,3,93,197,164
197,3,93,197,171
197,3,93,197,115
33,59,180,33,91
33,59,180,33,154
33,59,180,33,102
33,59,180,33,197
33,59,180,33,107
108,117,5,108,155
108,117,5,108,45
108,117,5,108,8
5,188,188,5,66
5,188,188,5,83
5,188,188,5,113
5,188,188,5,193
132,120,150,132,1
132,120,150,132,46
132,120,150,132,4
132,120,150,132,122
132,120,150,132,194
132,120,150,132,17
132,120,150,132,142
101,72,185,101,129
101,72,185,101,133
101,72,185,101,173
101,72,185,101,197
101,72,185,101,66
101,72,185,101,55
101,72,185,101,113
97,122,153,97,155
97,122,153,97,152
97,122,153,97,9
97,122,153,97,93
97,122,153,97,104
108,188,43,108,155
108,188,43,108,45
108,188,43,108,8
176,75,18,176,10
176,75,18,176,85
176,75,18,176,40
176,75,18,176,155
176,75,18,176,97
176,75,18,176,37
176,75,18,176,24
176,75,18,176,124
176,75,18,176,153
179,73,19,179,17
179,73,19,179,5
179,73,19,179,148
179,73,19,179,158
179,73,19,179,185
179,73,19,179,184
179,73,19,179,148
179,73,19,179,73
96,66,200,96,11
96,66,200,96,83
96,66,200,96,43
96,66,200,96,103
96,66,200,96,65
96,66,200,96,158
183,97,172,183,84
183,97,172,183,57
183,97,172,183,59
105,106,154,105,137
21,123,200,21,197
21,123,200,21,193
21,123,200,21,101
21,123,200,21,85
21,123,200,21,70
21,123,200,21,140
21,123,200,21,114
21,123,200,21,123
21,123,200,21,30
90,6,80,90,195
90,6,80,90,95
90,6,80,90,24
90,6,80,90,123
90,6,80,90,63
90,6,80,90,171
177,101,139,177,189
177,101,139,177,133
177,101,139,177,19
177,101,139,177,94
13,156,144,13,107
13,156,144,13,24
13,156,144,13,62
13,156,144,13,145
13,156,144,13,193
13,156,144,13,106
13,156,144,13,145
13,156,144,13,84
125,82,57,125,50
125,82,57,125,109
125,82,57,125,115
125,82,57,125,141
107,85,159,107,169
107,85,159,107,131
107,85,159,107,67
107,85,159,107,124
107,85,159,107,200
107,85,159,107,27
107,85,159,107,89
147,15,125,147,87
147,15,125,147,196
147,15,125,147,129
147,15,125,147,70
6,125,191,6,172
6,125,191,6,182
6,125,191,6,77
6,125,191,6,39
6,125,191,6,68
80,41,183,80,131
80,41,183,80,111
80,41,183,80,15
80,41,183,80,153
80,41,183,80,20
80,41,183,80,41
80,41,183,80,153
80,41,183,80,45
92,90,184,92,127
92,90,184,92,42
92,90,184,92,58
16,115,98,16,170
16,115,98,16,63
16,115,98,16,70
16,115,98,16,106
16,115,98,16,15
120,174,67,120,88
120,174,67,120,9
167,138,117,167,45
167,138,117,167,116
167,138,117,167,115
115,182,14,115,3
115,182,14,115,145
115,182,14,115,199
115,182,14,115,50
120,152,114,120,88
120,152,114,120,9
175,123,74,175,53
175,123,74,175,84
175,123,74,175,165
175,123,74,175,140
175,123,74,175,184
175,123,74,175,84
186,75,6,186,58
186,75,6,186,40
77,87,58,77,114
77,87,58,77,92
77,87,58,77,150
77,87,58,77,89
185,88,3,185,78
185,88,3,185,22
185,88,3,185,116
185,88,3,185,139
185,88,3,185,163
185,88,3,185,30
185,88,3,185,43
185,88,3,185,100
185,88,3,185,197
15,20,156,15,136
15,20,156,15,13
15,20,156,15,13
15,20,156,15,165
15,20,156,15,107
15,20,156,15,138
61,128,13,61,35
61,128,13,61,125
61,128,13,61,72
61,128,13,61,127
61,128,13,61,122
61,128,13,61,32
61,128,13,61,136
180,41,48,180,169
180,41,48,180,174
180,41,48,180,25
180,41,48,180,64
135,26,199,135,66
135,26,199,135,28
135,26,199,135,106
135,26,199,135,166
135,26,199,135,16
135,26,199,135,101
135,26,199,135,4
135,26,199,135,65
99,18,140,99,26
99,18,140,99,160
174,180,33,174,143
174,180,33,174,21
174,180,33,174,42
174,180,33,174,115
174,180,33,174,134
174,180,33,174,118
140,174,185,140,0
140,174,185,140,59
140,174,185,140,72
140,174,185,140,187
140,174,185,140,175
174,18,117,174,143
174,18,117,174,21
174,18,117,174,42
174,18,117,174,115
174,18,117,174,134
174,18,117,174,118
93,196,63,93,179
93,196,63,93,28
93,196,63,93,26
93,196,63,93,176
2,159,9,2,168
2,159,9,2,158
2,159,9,2,101
2,159,9,2,184
112,38,124,112,99
112,38,124,112,139
112,38,124,112,163
112,38,124,112,89
112,38,124,112,18
112,38,124,112,176
112,38,124,112,45
112,38,124,112,10
112,38,124,112,91
36,48,131,36,24
36,48,131,36,114
36,48,131,36,174
36,48,131,36,192
122,107,12,122,24
122,107,12,122,54
174,80,132,174,143
174,80,132,174,21
174,80,132,174,42
174,80,132,174,115
174,80,132,174,134
174,80,132,174,118
16,54,88,16,170
16,54,88,16,63
16,54,88,16,70
16,54,88,16,106
16,54,88,16,15
129,147,107,129,110
129,147,107,129,125
129,147,107,129,121
129,147,107,129,31
129,147,107,129,32
129,147,107,129,179
129,147,107,129,195
129,147,107,129,63
129,147,107,129,195
87,12,64,87,58
87,12,64,87,151
87,12,64,87,132
87,12,64,87,185
87,12,64,87,73
87,12,64,87,6
87,12,64,87,73
26,76,143,26,38
26,76,143,26,190
29,26,18,29,122
29,26,18,29,49
29,26,18,29,46
29,26,18,29,29
29,26,18,29,77
29,26,18,29,62
29,26,18,29,169
29,26,18,29,145
29,26,18,29,163
61,96,9,61,35
61,96,9,61,125
61,96,9,61,72
61,96,9,61,127
61,96,9,61,122
61,96,9,61,32
61,96,9,61,136
106,99,118,106,50
106,99,118,106,23
106,99,118,106,190
106,99,118,106,38
106,99,118,106,84
106,99,118,106,21
73,165,91,73,172
73,165,91,73,13
73,165,91,73,46
73,165,91,73,34
73,165,91,73,70
23,183,60,23,85
159,125,120,159,139
159,125,120,159,57
4,77,1,4,148
4,77,1,4,89
4,77,1,4,90
139,29,106,139,76
139,29,106,139,61
139,29,106,139,186
139,29,106,139,190
139,29,106,139,63
139,29,106,139,151
139,29,106,139,63
31,129,119,31,171
31,129,119,31,25
116,57,87,116,159
116,57,87,116,79
116,57,87,116,154
144,21,44,144,175
144,21,44,144,181
144,21,44,144,85
144,21,44,144,34
144,21,44,144,198
144,21,44,144,19
107,31,150,107,169
107,31,150,107,131
107,31,150,107,67
107,31,150,107,124
107,31,150,107,200
107,31,150,107,27
107,31,150,107,89
197,128,26,197,160
197,128,26,197,164
197,128,26,197,171
197,128,26,197,115
133,104,148,133,51
133,104,148,133,45
133,104,148,133,47
133,104,148,133,49
133,104,148,133,88
117,98,113,117,200
117,98,113,117,121
117,98,113,117,193
117,98,113,117,174
117,98,113,117,28
117,98,113,117,28
44,141,17,44,196
44,141,17,44,184
1,51,101,1,138
1,51,101,1,147
1,51,101,1,12
1,51,101,1,25
1,51,101,1,74
1,51,101,1,115
1,51,101,1,6
52,133,135,52,42
52,133,135,52,8
52,133,135,52,94
52,133,135,52,167
52,133,135,52,176
162,146,23,162,174
162,146,23,162,49
132,184,119,132,1
132,184,119,132,46
132,184,119,132,4
132,184,119,132,122
132,184,119,132,194
132,184,119,132,17
132,184,119,132,142
154,19,64,154,63
154,19,64,154,93
154,19,64,154,87
154,19,64,154,88
154,19,64,154,178
121,83,109,121,131
121,83,109,121,164
121,83,109,121,157
121,83,109,121,25
121,83,109,121,175
121,83,109,121,150
121,83,109,121,71
121,83,109,121,117
121,83,109,121,17
12,80,128,12,30
12,80,128,12,11
12,80,128,12,137
12,80,128,12,21
12,80,128,12,168
12,80,128,12,57
6,59,33,6,172
6,59,33,6,182
6,59,33,6,77
6,59,33,6,39
6,59,33,6,68
186,73,119,186,58
186,73,119,186,40
173,88,192,173,182
173,88,192,173,157
173,88,192,173,9
173,88,192,173,161
173,88,192,173,29
16,2,103,16,170
16,2,103,16,63
16,2,103,16,70
16,2,103,16,106
16,2,103,16,15
153,161,177,153,2
153,161,177,153,186
153,161,177,153,19
200,109,43,200,120
200,109,43,200,45
200,109,43,200,34
200,109,43,200,141
200,109,43,200,96
200,109,43,200,9
200,109,43,200,28
132,159,61,132,1
132,159,61,132,46
132,159,61,132,4
132,159,61,132,122
132,159,61,132,194
132,159,61,132,17
132,159,61,132,142
57,130,182,57,46
57,130,182,57,92
57,130,182,57,51
57,130,182,57,81
57,130,182,57,153
116,147,8,116,159
116,147,8,116,79
116,147,8,116,154
58,122,141,58,160
58,122,141,58,31
58,122,141,58,64
58,122,141,58,149
178,100,22,178,131
178,100,22,178,162
73,151,133,73,172
73,151,133,73,13
73,151,133,73,46
73,151,133,73,34
73,151,133,73,70
119,163,26,119,70
119,163,26,119,184
119,163,26,119,148
0,58,191,0,99
0,58,191,0,83
0,58,191,0,75
159,133,115,159,139
159,133,115,159,57
107,39,39,107,169
107,39,39,107,131
107,39,39,107,67
107,39,39,107,124
107,39,39,107,200
107,39,39,107,27
107,39,39,107,89
126,7,14,126,52
126,7,14,126,55
126,7,14,126,180
126,7,14,126,171
126,7,14,126,186
126,7,14,126,160
126,7,14,126,169
27,180,184,27,11
27,180,184,27,26
27,180,184,27,88
27,180,184,27,36
27,180,184,27,174
146,109,149,146,62
146,109,149,146,181
146,109,149,146,133
146,109,149,146,21
146,109,149,146,143
146,109,149,146,9
82,36,40,82,89
82,36,40,82,166
82,36,40,82,111
82,36,40,82,86
82,36,40,82,2
114,77,152,114,144
114,77,152,114,173
114,77,152,114,190
114,77,152,114,162
59,140,158,59,101
59,140,158,59,172
59,140,158,59,8
59,140,158,59,49
59,140,158,59,139
59,140,158,59,132
163,187,187,163,63
163,187,187,163,123
163,187,187,163,152
163,187,187,163,195
163,187,187,163,4
199,63,76,199,82
199,63,76,199,63
199,63,76,199,155
94,149,65,94,77
94,149,65,94,50
94,149,65,94,40
94,149,65,94,159
33,121,54,33,91
33,121,54,33,154
33,121,54,33,102
33,121,54,33,197
33,121,54,33,107
38,136,5,38,183
38,136,5,38,197
38,136,5,38,10
94,194,164,94,77
94,194,164,94,50
94,194,164,94,40
94,194,164,94,159
122,1,191,122,24
122,1,191,122,54
70,174,57,70,70
70,174,57,70,167
70,174,57,70,61
70,174,57,70,29
70,174,57,70,35
109,59,121,109,19
109,59,121,109,74
109,59,121,109,83
109,59,121,109,148
128,199,85,128,159
128,199,85,128,196
128,199,85,128,102
43,194,22,43,46
43,194,22,43,172
43,194,22,43,137
66,115,131,66,195
66,115,131,66,7
66,115,131,66,135
66,115,131,66,138
66,115,131,66,128
66,115,131,66,18
66,115,131,66,101
58,35,18,58,160
58,35,18,58,31
58,35,18,58,64
58,35,18,58,149
12,27,7,12,30
12,27,7,12,11
12,27,7,12,137
12,27,7,12,21
12,27,7,12,168
12,27,7,12,57
18,116,47,18,16
18,116,47,18,85
18,116,47,18,68
29,195,112,29,122
29,195,112,29,49
29,195,112,29,46
29,195,112,29,29
29,195,112,29,77
29,195,112,29,62
29,195,112,29,169
29,195,112,29,145
29,195,112,29,163
115,116,4,115,3
115,116,4,115,145
115,116,4,115,199
115,116,4,115,50
156,138,194,156,51
156,138,194,156,167
156,138,194,156,83
156,138,194,156,64
45,53,180,45,88
45,53,180,45,32
45,53,180,45,44
45,53,180,45,127
45,53,180,45,140
45,53,180,45,148
45,53,180,45,140
57,179,24,57,46
57,179,24,57,92
57,179,24,57,51
57,179,24,57,81
57,179,24,57,153
91,33,74,91,147
91,33,74,91,47
91,33,74,91,14
91,33,74,91,54
91,33,74,91,113
91,33,74,91,190
91,33,74,91,182
91,33,74,91,6
91,33,74,91,129
170,59,103,170,64
170,59,103,170,35
170,59,103,170,143
170,59,103,170,160
170,59,103,170,22
170,59,103,170,10
170,59,103,170,32
170,59,103,170,65
170,59,103,170,170
170,59,103,170,45
7,154,116,7,2
7,154,116,7,121
7,154,116,7,161
7,154,116,7,159
7,154,116,7,100
7,154,116,7,70
132,80,98,132,1
132,80,98,132,46
132,80,98,132,4
132,80,98,132,122
132,80,98,132,194
132,80,98,132,17
132,80,98,132,142
37,144,93,37,21
37,144,93,37,16
37,144,93,37,169
37,144,93,37,14
50,60,168,50,7
50,60,168,50,47
50,60,168,50,136
50,60,168,50,25
50,60,168,50,51
50,60,168,50,31
50,60,168,50,158
50,60,168,50,156
50,60,168,50,21
50,60,168,50,177
50,60,168,50,130
63,98,97,63,166
87,112,153,87,58
87,112,153,87,151
87,112,153,87,132
87,112,153,87,185
87,112,153,87,73
87,112,153,87,6
87,112,153,87,73
2,7,57,2,168
2,7,57,2,158
2,7,57,2,101
2,7,57,2,184
30,146,37,30,116
30,146,37,30,18
177,55,182,177,189
177,55,182,177,133
177,55,182,177,19
177,55,182,177,94
194,184,74,194,64
194,184,74,194,31
194,184,74,194,11
194,184,74,194,7
194,184,74,194,179
194,184,74,194,44
194,184,74,194,136
163,11,130,163,63
163,11,130,163,123
163,11,130,163,152
163,11,130,163,195
163,11,130,163,4
84,151,45,84,45
59,8,148,59,101
59,8,148,59,172
59,8,148,59,8
59,8,148,59,49
59,8,148,59,139
59,8,148,59,132
20,135,28,20,156
20,135,28,20,31
20,135,28,20,30
1,97,158,1,138
1,97,158,1,147
1,97,158,1,12
1,97,158,1,25
1,97,158,1,74
1,97,158,1,115
1,97,158,1,6
131,171,177,131,108
131,171,177,131,62
131,171,177,131,138
131,171,177,131,124
131,171,177,131,9
146,79,149,146,62
146,79,149,146,181
146,79,149,146,133
146,79,149,146,21
146,79,149,146,143
146,79,149,146,9
130,43,59,130,70
130,43,59,130,134
130,43,59,130,158
130,43,59,130,111
130,43,59,130,68
130,43,59,130,73
130,43,59,130,54
15,142,65,15,136
15,142,65,15,13
15,142,65,15,13
15,142,65,15,165
15,142,65,15,107
15,142,65,15,138
117,180,71,117,200
117,180,71,117,121
117,180,71,117,193
117,180,71,117,174
117,180,71,117,28
117,180,71,117,28
97,191,157,97,155
97,191,157,97,152
97,191,157,97,9
97,191,157,97,93
97,191,157,97,104
135,132,78,135,66
135,132,78,135,28
135,132,78,135,106
135,132,78,135,166
135,132,78,135,16
135,132,78,135,101
135,132,78,135,4
135,132,78,135,65
73,155,97,73,172
73,155,97,73,13
73,155,97,73,46
73,155,97,73,34
73,155,97,73,70
24,178,40,24,66
24,178,40,24,136
24,178,40,24,64
24,178,40,24,137
28,112,67,28,23
28,112,67,28,16
28,112,67,28,71
28,112,67,28,23
28,112,67,28,72
15,145,160,15,136
15,145,160,15,13
15,145,160,15,13
15,145,160,15,165
15,145,160,15,107
15,145,160,15,138
49,55,99,49,70
49,55,99,49,23
49,55,99,49,14
49,55,99,49,123
49,55,99,49,29
49,55,99,49,0
121,168,65,121,131
121,168,65,121,164
121,168,65,121,157
121,168,65,121,25
121,168,65,121,175
121,168,65,121,150
121,168,65,121,71
121,168,65,121,117
121,168,65,121,17
63,116,10,63,166
68,94,56,68,10
68,94,56,68,34
68,94,56,68,145
68,94,56,68,28
68,94,56,68,56
103,139,4,103,34
103,139,4,103,56
103,139,4,103,165
103,139,4,103,7
103,139,4,103,34
11,146,94,11,89
11,146,94,11,23
11,146,94,11,55
11,146,94,11,100
89,30,36,89,5
89,30,36,89,81
89,30,36,89,199
89,30,36,89,119
89,30,36,89,48
89,30,36,89,164
89,30,36,89,94
89,30,36,89,92
89,30,36,89,118
89,30,36,89,59
89,30,36,89,113
15,117,133,15,136
15,117,133,15,13
15,117,133,15,13
15,117,133,15,165
15,117,133,15,107
15,117,133,15,138
58,8,73,58,160
58,8,73,58,31
58,8,73,58,64
58,8,73,58,149
179,192,110,179,17
179,192,110,179,5
179,192,110,179,148
179,192,110,179,158
179,192,110,179,185
179,192,110,179,184
179,192,110,179,148
179,192,110,179,73
98,132,187,98,35
98,132,187,98,115
180,71,93,180,169
180,71,93,180,174
180,71,93,180,25
180,71,93,180,64
140,169,157,140,0
140,169,157,140,59
140,169,157,140,72
140,169,157,140,187
140,169,157,140,175
93,154,3,93,179
93,154,3,93,28
93,154,3,93,26
93,154,3,93,176
134,177,82,134,195
134,177,82,134,152
134,177,82,134,64
132,129,139,132,1
132,129,139,132,46
132,129,139,132,4
132,129,139,132,122
132,129,139,132,194
132,129,139,132,17
132,129,139,132,142
119,162,100,119,70
119,162,100,119,184
119,162,100,119,148
20,158,170,20,156
20,158,170,20,31
20,158,170,20,30
167,103,70,167,45
167,103,70,167,116
167,103,70,167,115
156,0,64,156,51
156,0,64,156,167
156,0,64,156,83
156,0,64,156,64
153,70,138,153,2
153,70,138,153,186
153,70,138,153,19
189,178,101,189,34
189,178,101,189,82
7,129,143,7,2
7,129,143,7,121
7,129,143,7,161
7,129,143,7,159
7,129,143,7,100
7,129,143,7,70
60,56,9,60,169
60,56,9,60,152
60,56,9,60,70
60,56,9,60,172
138,109,142,138,41
138,109,142,138,26
138,109,142,138,166
138,109,142,138,28
138,109,142,138,55
53,147,86,53,194
53,147,86,53,173
53,147,86,53,118
53,147,86,53,173
53,147,86,53,43
53,147,86,53,0
41,79,87,41,163
41,79,87,41,82
41,79,87,41,27
41,79,87,41,198
41,79,87,41,145
41,79,87,41,13
41,79,87,41,99
42,52,160,42,152
42,52,160,42,11
73,46,178,73,172
73,46,178,73,13
73,46,178,73,46
73,46,178,73,34
73,46,178,73,70
122,36,51,122,24
122,36,51,122,54
107,171,147,107,169
107,171,147,107,131
107,171,147,107,67
107,171,147,107,124
107,171,147,107,200
107,171,147,107,27
107,171,147,107,89
147,147,111,147,87
147,147,111,147,196
147,147,111,147,129
147,147,111,147,70
153,125,36,153,2
153,125,36,153,186
153,125,36,153,19
198,65,62,198,57
198,65,62,198,140
198,65,62,198,93
198,65,62,198,10
198,65,62,198,87
198,65,62,198,148
198,65,62,198,18
198,65,62,198,95
107,168,113,107,169
107,168,113,107,131
107,168,113,107,67
107,168,113,107,124
107,168,113,107,200
107,168,113,107,27
107,168,113,107,89
146,24,174,146,62
146,24,174,146,181
146,24,174,146,133
146,24,174,146,21
146,24,174,146,143
146,24,174,146,9
120,21,101,120,88
120,21,101,120,9
42,184,182,42,152
42,184,182,42,11
173,134,111,173,182
173,134,111,173,157
173,134,111,173,9
173,134,111,173,161
173,134,111,173,29
1,168,28,1,138
1,168,28,1,147
1,168,28,1,12
1,168,28,1,25
1,168,28,1,74
1,168,28,1,115
1,168,28,1,6
163,1,112,163,63
163,1,112,163,123
163,1,112,163,152
163,1,112,163,195
163,1,112,163,4
6,194,152,6,172
6,194,152,6,182
6,194,152,6,77
6,194,152,6,39
6,194,152,6,68
63,65,102,63,166
26,101,196,26,38
26,101,196,26,190
43,104,20,43,46
43,104,20,43,172
43,104,20,43,137
91,65,114,91,147
91,65,114,91,47
91,65,114,91,14
91,65,114,91,54
91,65,114,91,113
91,65,114,91,190
91,65,114,91,182
91,65,114,91,6
91,65,114,91,129
105,170,166,105,137
3,130,198,3,187
3,130,198,3,1
3,130,198,3,160
3,130,198,3,199
3,130,198,3,57
3,130,198,3,44
3,130,198,3,157
3,130,198,3,121
3,130,198,3,16
3,130,198,3,9
59,112,181,59,101
59,112,181,59,172
59,112,181,59,8
59,112,181,59,49
59,112,181,59,139
59,112,181,59,132
108,58,145,108,155
108,58,145,108,45
108,58,145,108,8
192,166,137,192,77
192,166,137,192,32
192,166,137,192,166
192,166,137,192,58
192,166,137,192,64
192,166,137,192,46
192,166,137,192,138
192,166,137,192,85
192,166,137,192,163
192,166,137,192,87
192,166,137,192,5
25,172,11,25,176
25,172,11,25,104
25,172,11,25,92
25,172,11,25,28
25,172,11,25,122
25,172,11,25,64
25,172,11,25,191
25,172,11,25,144
193,60,200,193,169
193,60,200,193,79
193,60,200,193,116
128,3,180,128,159
128,3,180,128,196
128,3,180,128,102
170,173,159,170,64
170,173,159,170,35
170,173,159,170,143
170,173,159,170,160
170,173,159,170,22
170,173,159,170,10
170,173,159,170,32
170,173,159,170,65
170,173,159,170,170
170,173,159,170,45
101,135,141,101,129
101,135,141,101,133
101,135,141,101,173
101,135,141,101,197
101,135,141,101,66
101,135,141,101,55
101,135,141,101,113
11,8,174,11,89
11,8,174,11,23
11,8,174,11,55
11,8,174,11,100
116,170,149,116,159
116,170,149,116,79
116,170,149,116,154
136,12,133,136,69
136,12,133,136,126
136,12,133,136,134
136,12,133,136,78
136,12,133,136,96
136,12,133,136,155
168,142,46,168,172
168,142,46,168,81
168,142,46,168,125
168,142,46,168,103
168,142,46,168,11
67,147,80,67,71
67,147,80,67,135
67,147,80,67,75
67,147,80,67,148
187,75,179,187,198
187,75,179,187,157
180,125,112,180,169
180,125,112,180,174
180,125,112,180,25
180,125,112,180,64
172,132,74,172,178
172,132,74,172,93
172,132,74,172,181
172,132,74,172,186
169,88,189,169,38
169,88,189,169,140
169,88,189,169,20
169,88,189,169,154
116,120,39,116,159
116,120,39,116,79
116,120,39,116,154
75,105,125,75,179
75,105,125,75,133
75,105,125,75,35
75,105,125,75,111
111,23,33,111,141
111,23,33,111,170
111,23,33,111,40
111,23,33,111,110
111,23,33,111,0
100,30,110,100,169
100,30,110,100,26
100,30,110,100,42
100,30,110,100,175
100,30,110,100,152
100,30,110,100,180
61,159,137,61,35
61,159,137,61,125
61,159,137,61,72
61,159,137,61,127
61,159,137,61,122
61,159,137,61,32
61,159,137,61,136
72,27,4,72,9
72,27,4,72,60
72,27,4,72,61
72,27,4,72,129
72,27,4,72,72
72,27,4,72,148
51,177,60,51,143
51,177,60,51,23
51,177,60,51,26
51,177,60,51,30
51,177,60,51,48
114,75,83,114,144
114,75,83,114,173
114,75,83,114,190
114,75,83,114,162
111,140,85,111,141
111,140,85,111,170
111,140,85,111,40
111,140,85,111,110
111,140,85,111,0
2,145,116,2,168
2,145,116,2,158
2,145,116,2,101
2,145,116,2,184
95,13,184,95,106
95,13,184,95,129
95,13,184,95,125
95,13,184,95,57
182,160,36,182,14
182,160,36,182,110
182,160,36,182,52
182,160,36,182,115
182,160,36,182,177
182,160,36,182,71
182,160,36,182,172
167,151,69,167,45
167,151,69,167,116
167,151,69,167,115
89,92,87,89,5
89,92,87,89,81
89,92,87,89,199
89,92,87,89,119
89,92,87,89,48
89,92,87,89,164
89,92,87,89,94
89,92,87,89,92
89,92,87,89,118
89,92,87,89,59
89,92,87,89,113
100,61,80,100,169
100,61,80,100,26
100,61,80,100,42
100,61,80,100,175
100,61,80,100,152
100,61,80,100,180
88,124,104,88,150
88,124,104,88,189
88,124,104,88,129
88,124,104,88,93
88,124,104,88,117
88,124,104,88,104
5,73,24,5,66
5,73,24,5,83
5,73,24,5,113
5,73,24,5,193
113,178,109,113,75
113,178,109,113,73
113,178,109,113,97
113,178,109,113,193
113,178,109,113,32
113,178,109,113,34
113,178,109,113,182
113,178,109,113,112
110,18,117,110,160
110,18,117,110,144
110,18,117,110,20
110,18,117,110,147
110,18,117,110,81
13,77,102,13,107
13,77,102,13,24
13,77,102,13,62
13,77,102,13,145
13,77,102,13,193
13,77,102,13,106
13,77,102,13,145
13,77,102,13,84
186,129,12,186,58
186,129,12,186,40
189,107,36,189,34
189,107,36,189,82
121,89,42,121,131
121,89,42,121,164
121,89,42,121,157
121,89,42,121,25
121,89,42,121,175
121,89,42,121,150
121,89,42,121,71
121,89,42,121,117
121,89,42,121,17
15,155,145,15,136
15,155,145,15,13
15,155,145,15,13
15,155,145,15,165
15,155,145,15,107
15,155,145,15,138
53,5,187,53,194
53,5,187,53,173
53,5,187,53,118
53,5,187,53,173
53,5,187,53,43
53,5,187,53,0
145,105,144,145,88
145,105,144,145,131
145,105,144,145,33
145,105,144,145,37
145,105,144,145,55
145,105,144,145,146
145,105,144,145,54
141,61,1,141,92
141,61,1,141,154
141,61,1,141,148
141,61,1,141,50
81,170,183,81,120
81,170,183,81,169
81,170,183,81,46
81,170,183,81,192
192,57,113,192,77
192,57,113,192,32
192,57,113,192,166
192,57,113,192,58
192,57,113,192,64
192,57,113,192,46
192,57,113,192,138
192,57,113,192,85
192,57,113,192,163
192,57,113,192,87
192,57,113,192,5
43,167,197,43,46
43,167,197,43,172
43,167,197,43,137
4,119,40,4,148
4,119,40,4,89
4,119,40,4,90
67,111,160,67,71
67,111,160,67,135
67,111,160,67,75
67,111,160,67,148
126,128,74,126,52
126,128,74,126,55
126,128,74,126,180
126,128,74,126,171
126,128,74,126,186
126,128,74,126,160
126,128,74,126,169
130,43,158,130,70
130,43,158,130,134
130,43,158,130,158
130,43,158,130,111
130,43,158,130,68
130,43,158,130,73
130,43,158,130,54
107,38,161,107,169
107,38,161,107,131
107,38,161,107,67
107,38,161,107,124
107,38,161,107,200
107,38,161,107,27
107,38,161,107,89
145,62,141,145,88
145,62,141,145,131
145,62,141,145,33
145,62,141,145,37
145,62,141,145,55
145,62,141,145,146
145,62,141,145,54
63,50,74,63,166
21,160,80,21,197
21,160,80,21,193
21,160,80,21,101
21,160,80,21,85
21,160,80,21,70
21,160,80,21,140
21,160,80,21,114
21,160,80,21,123
21,160,80,21,30
134,42,108,134,195
134,42,108,134,152
134,42,108,134,64
66,127,12,66,195
66,127,12,66,7
66,127,12,66,135
66,127,12,66,138
66,127,12,66,128
66,127,12,66,18
66,127,12,66,101
166,83,147,166,45
166,83,147,166,76
166,83,147,166,117
166,83,147,166,162
166,83,147,166,34
103,1,2,103,34
103,1,2,103,56
103,1,2,103,165
103,1,2,103,7
103,1,2,103,34
126,114,168,126,52
126,114,168,126,55
126,114,168,126,180
126,114,168,126,171
126,114,168,126,186
126,114,168,126,160
126,114,168,126,169
141,148,29,141,92
141,148,29,141,154
141,148,29,141,148
141,148,29,141,50
138,13,44,138,41
138,13,44,138,26
138,13,44,138,166
138,13,44,138,28
138,13,44,138,55
198,200,129,198,57
198,200,129,198,140
198,200,129,198,93
198,200,129,198,10
198,200,129,198,87
198,200,129,198,148
198,200,129,198,18
198,200,129,198,95
60,45,173,60,169
60,45,173,60,152
60,45,173,60,70
60,45,173,60,172
98,88,175,98,35
98,88,175,98,115
8,174,15,8,96
8,174,15,8,163
8,174,15,8,92
8,174,15,8,114
8,174,15,8,39
8,174,15,8,5
8,174,15,8,128
137,35,132,137,14
137,35,132,137,84
137,35,132,137,62
137,35,132,137,102
137,35,132,137,165
120,141,65,120,88
120,141,65,120,9
159,109,131,159,139
159,109,131,159,57
174,45,7,174,143
174,45,7,174,21
174,45,7,174,42
174,45,7,174,115
174,45,7,174,134
174,45,7,174,118
42,158,111,42,152
42,158,111,42,11
148,3,108,148,118
148,3,108,148,69
24,187,131,24,66
24,187,131,24,136
24,187,131,24,64
24,187,131,24,137
34,99,183,34,91
34,99,183,34,81
34,99,183,34,91
34,99,183,34,99
34,99,183,34,81
34,99,183,34,11
28,139,71,28,23
28,139,71,28,16
28,139,71,28,71
28,139,71,28,23
28,139,71,28,72
132,59,26,132,1
132,59,26,132,46
132,59,26,132,4
132,59,26,132,122
132,59,26,132,194
132,59,26,132,17
132,59,26,132,142
178,17,157,178,131
178,17,157,178,162
33,60,66,33,91
33,60,66,33,154
33,60,66,33,102
33,60,66,33,197
33,60,66,33,107
120,85,87,120,88
120,85,87,120,9
174,135,46,174,143
174,135,46,174,21
174,135,46,174,42
174,135,46,174,115
174,135,46,174,134
174,135,46,174,118
44,97,177,44,196
44,97,177,44,184
185,165,166,185,78
185,165,166,185,22
185,165,166,185,116
185,165,166,185,139
185,165,166,185,163
185,165,166,185,30
185,165,166,185,43
185,165,166,185,100
185,165,166,185,197
40,97,99,40,185
40,97,99,40,100
40,97,99,40,37
40,97,99,40,54
44,88,59,44,196
44,88,59,44,184
144,0,175,144,175
144,0,175,144,181
144,0,175,144,85
144,0,175,144,34
144,0,175,144,198
144,0,175,144,19
157,102,85,157,159
157,102,85,157,163
157,102,85,157,2
157,102,85,157,73
190,162,153,190,168
190,162,153,190,197
190,162,153,190,79
190,162,153,190,155
8,8,84,8,96
8,8,84,8,163
8,8,84,8,92
8,8,84,8,114
8,8,84,8,39
8,8,84,8,5
8,8,84,8,128
3,9,9,3,187
3,9,9,3,1
3,9,9,3,160
3,9,9,3,199
3,9,9,3,57
3,9,9,3,44
3,9,9,3,157
3,9,9,3,121
3,9,9,3,16
3,9,9,3,9
145,64,73,145,88
145,64,73,145,131
145,64,73,145,33
145,64,73,145,37
145,64,73,145,55
145,64,73,145,146
145,64,73,145,54
133,189,187,133,51
133,189,187,133,45
133,189,187,133,47
133,189,187,133,49
133,189,187,133,88
43,94,92,43,46
43,94,92,43,172
43,94,92,43,137
129,147,52,129,110
129,147,52,129,125
129,147,52,129,121
129,147,52,129,31
129,147,52,129,32
129,147,52,129,179
129,147,52,129,195
129,147,52,129,63
129,147,52,129,195
47,7,171,47,24
47,7,171,47,89
47,7,171,47,121
47,7,171,47,109
113,185,142,113,75
113,185,142,113,73
113,185,142,113,97
113,185,142,113,193
113,185,142,113,32
113,185,142,113,34
113,185,142,113,182
113,185,142,113,112
93,28,101,93,179
93,28,101,93,28
93,28,101,93,26
93,28,101,93,176
189,156,65,189,34
189,156,65,189,82
154,136,119,154,63
154,136,119,154,93
154,136,119,154,87
154,136,119,154,88
154,136,119,154,178
129,51,88,129,110
129,51,88,129,125
129,51,88,129,121
129,51,88,129,31
129,51,88,129,32
129,51,88,129,179
129,51,88,129,195
129,51,88,129,63
129,51,88,129,195
145,36,56,145,88
145,36,56,145,131
145,36,56,145,33
145,36,56,145,37
145,36,56,145,55
145,36,56,145,146
145,36,56,145,54
37,142,71,37,21
37,142,71,37,16
37,142,71,37,169
37,142,71,37,14
93,62,90,93,179
93,62,90,93,28
93,62,90,93,26
93,62,90,93,176
50,69,65,50,7
50,69,65,50,47
50,69,65,50,136
50,69,65,50,25
50,69,65,50,51
50,69,65,50,31
50,69,65,50,158
50,69,65,50,156
50,69,65,50,21
50,69,65,50,177
50,69,65,50,130
170,176,98,170,64
170,176,98,170,35
170,176,98,170,143
170,176,98,170,160
170,176,98,170,22
170,176,98,170,10
170,176,98,170,32
170,176,98,170,65
170,176,98,170,170
170,176,98,170,45
121,129,171,121,131
121,129,171,121,164
121,129,171,121,157
121,129,171,121,25
121,129,171,121,175
121,129,171,121,150
121,129,171,121,71
121,129,171,121,117
121,129,171,121,17
28,155,33,28,23
28,155,33,28,16
28,155,33,28,71
28,155,33,28,23
28,155,33,28,72
69,184,198,69,158
69,184,198,69,177
69,184,198,69,183
69,184,198,69,174
69,184,198,69,45
69,184,198,69,75
69,184,198,69,184
69,184,198,69,92
69,184,198,69,93
69,184,198,69,59
69,184,198,69,160
69,184,198,69,25
116,14,56,116,159
116,14,56,116,79
116,14,56,116,154
1,200,156,1,138
1,200,156,1,147
1,200,156,1,12
1,200,156,1,25
1,200,156,1,74
1,200,156,1,115
1,200,156,1,6
111,51,92,111,141
111,51,92,111,170
111,51,92,111,40
111,51,92,111,110
111,51,92,111,0
118,28,196,118,149
118,28,196,118,43
118,28,196,118,169
118,28,196,118,180
118,28,196,118,79
118,28,196,118,17
118,28,196,118,114
118,28,196,118,158
99,117,47,99,26
99,117,47,99,160
32,65,182,32,155
32,65,182,32,148
32,65,182,32,162
32,65,182,32,147
32,65,182,32,192
32,65,182,32,133
185,132,43,185,78
185,132,43,185,22
185,132,43,185,116
185,132,43,185,139
185,132,43,185,163
185,132,43,185,30
185,132,43,185,43
185,132,43,185,100
185,132,43,185,197
199,53,132,199,82
199,53,132,199,63
199,53,132,199,155
22,7,195,22,28
22,7,195,22,11
22,7,195,22,138
22,7,195,22,171
87,165,200,87,58
87,165,200,87,151
87,165,200,87,132
87,165,200,87,185
87,165,200,87,73
87,165,200,87,6
87,165,200,87,73
145,19,91,145,88
145,19,91,145,131
145,19,91,145,33
145,19,91,145,37
145,19,91,145,55
145,19,91,145,146
145,19,91,145,54
179,168,64,179,17
179,168,64,179,5
179,168,64,179,148
179,168,64,179,158
179,168,64,179,185
179,168,64,179,184
179,168,64,179,148
179,168,64,179,73
66,144,127,66,195
66,144,127,66,7
66,144,127,66,135
66,144,127,66,138
66,144,127,66,128
66,144,127,66,18
66,144,127,66,101
27,181,100,27,11
27,181,100,27,26
27,181,100,27,88
27,181,100,27,36
27,181,100,27,174
23,178,67,23,85
71,105,58,71,87
71,105,58,71,85
131,189,102,131,108
131,189,102,131,62
131,189,102,131,138
131,189,102,131,124
131,189,102,131,9
18,3,142,18,16
18,3,142,18,85
18,3,142,18,68
67,130,141,67,71
67,130,141,67,135
67,130,141,67,75
67,130,141,67,148
82,12,128,82,89
82,12,128,82,166
82,12,128,82,111
82,12,128,82,86
82,12,128,82,2
175,63,59,175,53
175,63,59,175,84
175,63,59,175,165
175,63,59,175,140
175,63,59,175,184
175,63,59,175,84
67,138,75,67,71
67,138,75,67,135
67,138,75,67,75
67,138,75,67,148
114,62,155,114,144
114,62,155,114,173
114,62,155,114,190
114,62,155,114,162
188,41,40,188,189
188,41,40,188,28
188,41,40,188,135
188,41,40,188,42
121,60,82,121,131
121,60,82,121,164
121,60,82,121,157
121,60,82,121,25
121,60,82,121,175
121,60,82,121,150
121,60,82,121,71
121,60,82,121,117
121,60,82,121,17
44,109,119,44,196
44,109,119,44,184
78,93,37,78,70
78,93,37,78,198
78,93,37,78,136
78,93,37,78,82
78,93,37,78,187
78,93,37,78,59
123,146,107,123,8
123,146,107,123,189
123,146,107,123,143
134,163,2,134,195
134,163,2,134,152
134,163,2,134,64
200,119,86,200,120
200,119,86,200,45
200,119,86,200,34
200,119,86,200,141
200,119,86,200,96
200,119,86,200,9
200,119,86,200,28
57,130,145,57,46
57,130,145,57,92
57,130,145,57,51
57,130,145,57,81
57,130,145,57,153
16,75,70,16,170
16,75,70,16,63
16,75,70,16,70
16,75,70,16,106
16,75,70,16,15
124,50,130,124,39
124,50,130,124,166
124,50,130,124,41
124,50,130,124,175
124,50,130,124,75
187,113,92,187,198
187,113,92,187,157
116,190,94,116,159
116,190,94,116,79
116,190,94,116,154
179,102,25,179,17
179,102,25,179,5
179,102,25,179,148
179,102,25,179,158
179,102,25,179,185
179,102,25,179,184
179,102,25,179,148
179,102,25,179,73
106,59,191,106,50
106,59,191,106,23
106,59,191,106,190
106,59,191,106,38
106,59,191,106,84
106,59,191,106,21
175,192,172,175,53
175,192,172,175,84
175,192,172,175,165
175,192,172,175,140
175,192,172,175,184
175,192,172,175,84
49,148,34,49,70
49,148,34,49,23
49,148,34,49,14
49,148,34,49,123
49,148,34,49,29
49,148,34,49,0
112,2,73,112,99
112,2,73,112,139
112,2,73,112,163
112,2,73,112,89
112,2,73,112,18
112,2,73,112,176
112,2,73,112,45
112,2,73,112,10
112,2,73,112,91
62,32,186,62,121
62,32,186,62,180
62,32,186,62,161
62,32,186,62,130
117,119,186,117,200
117,119,186,117,121
117,119,186,117,193
117,119,186,117,174
117,119,186,117,28
117,119,186,117,28
74,20,93,74,198
74,20,93,74,1
74,20,93,74,63
74,20,93,74,41
74,20,93,74,161
74,20,93,74,78
118,1,89,118,149
118,1,89,118,43
118,1,89,118,169
118,1,89,118,180
118,1,89,118,79
118,1,89,118,17
118,1,89,118,114
118,1,89,118,158
53,92,133,53,194
53,92,133,53,173
53,92,133,53,118
53,92,133,53,173
53,92,133,53,43
53,92,133,53,0
54,182,75,54,153
54,182,75,54,149
54,182,75,54,123
54,182,75,54,148
54,182,75,54,89
80,131,9,80,131
80,131,9,80,111
80,131,9,80,15
80,131,9,80,153
80,131,9,80,20
80,131,9,80,41
80,131,9,80,153
80,131,9,80,45
73,38,133,73,172
73,38,133,73,13
73,38,133,73,46
73,38,133,73,34
73,38,133,73,70
76,143,152,76,11
76,143,152,76,27
76,143,152,76,178
76,143,152,76,188
76,143,152,76,145
26,114,164,26,38
26,114,164,26,190
89,115,29,89,5
89,115,29,89,81
89,115,29,89,199
89,115,29,89,119
89,115,29,89,48
89,115,29,89,164
89,115,29,89,94
89,115,29,89,92
89,115,29,89,118
89,115,29,89,59
89,115,29,89,113
189,49,12,189,34
189,49,12,189,82
189,186,62,189,34
189,186,62,189,82
106,142,77,106,50
106,142,77,106,23
106,142,77,106,190
106,142,77,106,38
106,142,77,106,84
106,142,77,106,21
156,181,192,156,51
156,181,192,156,167
156,181,192,156,83
156,181,192,156,64
29,2,132,29,122
29,2,132,29,49
29,2,132,29,46
29,2,132,29,29
29,2,132,29,77
29,2,132,29,62
29,2,132,29,169
29,2,132,29,145
29,2,132,29,163
4,159,107,4,148
4,159,107,4,89
4,159,107,4,90
180,175,13,180,169
180,175,13,180,174
180,175,13,180,25
180,175,13,180,64
172,156,184,172,178
172,156,184,172,93
172,156,184,172,181
172,156,184,172,186
43,131,189,43,46
43,131,189,43,172
43,131,189,43,137
32,148,20,32,155
32,148,20,32,148
32,148,20,32,162
32,148,20,32,147
32,148,20,32,192
32,148,20,32,133
49,43,167,49,70
49,43,167,49,23
49,43,167,49,14
49,43,167,49,123
49,43,167,49,29
49,43,167,49,0
172,169,36,172,178
172,169,36,172,93
172,169,36,172,181
172,169,36,172,186
11,76,48,11,89
11,76,48,11,23
11,76,48,11,55
11,76,48,11,100
75,126,7,75,179
75,126,7,75,133
75,126,7,75,35
75,126,7,75,111
17,198,71,17,140
17,198,71,17,105
25,196,158,25,176
25,196,158,25,104
25,196,158,25,92
25,196,158,25,28
25,196,158,25,122
25,196,158,25,64
25,196,158,25,191
25,196,158,25,144
159,83,200,159,139
159,83,200,159,57
19,86,32,19,151
19,86,32,19,79
19,86,32,19,63
19,86,32,19,107
19,86,32,19,198
19,86,32,19,113
7,52,112,7,2
7,52,112,7,121
7,52,112,7,161
7,52,112,7,159
7,52,112,7,100
7,52,112,7,70
27,53,16,27,11
27,53,16,27,26
27,53,16,27,88
27,53,16,27,36
27,53,16,27,174
11,79,127,11,89
11,79,127,11,23
11,79,127,11,55
11,79,127,11,100
100,65,112,100,169
100,65,112,100,26
100,65,112,100,42
100,65,112,100,175
100,65,112,100,152
100,65,112,100,180
102,16,142,102,152
102,16,142,102,25
102,16,142,102,101
102,16,142,102,39
102,16,142,102,78
25,134,70,25,176
25,134,70,25,104
25,134,70,25,92
25,134,70,25,28
25,134,70,25,122
25,134,70,25,64
25,134,70,25,191
25,134,70,25,144
198,104,174,198,57
198,104,174,198,140
198,104,174,198,93
198,104,174,198,10
198,104,174,198,87
198,104,174,198,148
198,104,174,198,18
198,104,174,198,95
130,191,59,130,70
130,191,59,130,134
130,191,59,130,158
130,191,59,130,111
130,191,59,130,68
130,191,59,130,73
130,191,59,130,54
139,52,198,139,76
139,52,198,139,61
139,52,198,139,186
139,52,198,139,190
139,52,198,139,63
139,52,198,139,151
139,52,198,139,63
80,193,75,80,131
80,193,75,80,111
80,193,75,80,15
80,193,75,80,153
80,193,75,80,20
80,193,75,80,41
80,193,75,80,153
80,193,75,80,45
61,10,170,61,35
61,10,170,61,125
61,10,170,61,72
61,10,170,61,127
61,10,170,61,122
61,10,170,61,32
61,10,170,61,136
165,35,164,165,58
165,35,164,165,68
165,35,164,165,178
88,68,77,88,150
88,68,77,88,189
88,68,77,88,129
88,68,77,88,93
88,68,77,88,117
88,68,77,88,104
176,79,182,176,10
176,79,182,176,85
176,79,182,176,40
176,79,182,176,155
176,79,182,176,97
176,79,182,176,37
176,79,182,176,24
176,79,182,176,124
176,79,182,176,153
78,78,50,78,70
78,78,50,78,198
78,78,50,78,136
78,78,50,78,82
78,78,50,78,187
78,78,50,78,59
186,72,94,186,58
186,72,94,186,40
182,96,35,182,14
182,96,35,182,110
182,96,35,182,52
182,96,35,182,115
182,96,35,182,177
182,96,35,182,71
182,96,35,182,172
190,49,89,190,168
190,49,89,190,197
190,49,89,190,79
190,49,89,190,155
154,108,178,154,63
154,108,178,154,93
154,108,178,154,87
154,108,178,154,88
154,108,178,154,178
119,51,116,119,70
119,51,116,119,184
119,51,116,119,148
54,71,51,54,153
54,71,51,54,149
54,71,51,54,123
54,71,51,54,148
54,71,51,54,89
85,192,167,85,51
85,192,167,85,40
85,192,167,85,161
9,130,21,9,42
9,130,21,9,181
9,130,21,9,150
9,130,21,9,140
9,130,21,9,125
9,130,21,9,98
9,130,21,9,200
9,130,21,9,173
123,112,176,123,8
123,112,176,123,189
123,112,176,123,143
94,31,27,94,77
94,31,27,94,50
94,31,27,94,40
94,31,27,94,159
36,66,197,36,24
36,66,197,36,114
36,66,197,36,174
36,66,197,36,192
54,98,65,54,153
54,98,65,54,149
54,98,65,54,123
54,98,65,54,148
54,98,65,54,89
6,30,25,6,172
6,30,25,6,182
6,30,25,6,77
6,30,25,6,39
6,30,25,6,68
155,10,179,155,145
155,10,179,155,109
40,193,100,40,185
40,193,100,40,100
40,193,100,40,37
40,193,100,40,54
143,3,154,143,104
143,3,154,143,169
143,3,154,143,144
143,3,154,143,35
48,55,29,48,157
48,55,29,48,127
48,55,29,48,60
154,101,114,154,63
154,101,114,154,93
154,101,114,154,87
154,101,114,154,88
154,101,114,154,178
1,19,37,1,138
1,19,37,1,147
1,19,37,1,12
1,19,37,1,25
1,19,37,1,74
1,19,37,1,115
1,19,37,1,6
40,140,100,40,185
40,140,100,40,100
40,140,100,40,37
40,140,100,40,54
127,96,69,127,164
127,96,69,127,187
127,96,69,127,113
127,96,69,127,167
127,96,69,127,152
127,96,69,127,117
117,188,55,117,200
117,188,55,117,121
117,188,55,117,193
117,188,55,117,174
117,188,55,117,28
117,188,55,117,28
171,134,28,171,173
171,134,28,171,125
171,134,28,171,135
171,134,28,171,62
171,134,28,171,186
198,40,195,198,57
198,40,195,198,140
198,40,195,198,93
198,40,195,198,10
198,40,195,198,87
198,40,195,198,148
198,40,195,198,18
198,40,195,198,95
164,132,162,164,10
164,132,162,164,47
164,132,162,164,197
164,132,162,164,54
164,132,162,164,139
133,39,10,133,51
133,39,10,133,45
133,39,10,133,47
133,39,10,133,49
133,39,10,133,88
18,180,145,18,16
18,180,145,18,85
18,180,145,18,68
0,160,108,0,99
0,160,108,0,83
0,160,108,0,75
42,117,184,42,152
42,117,184,42,11
119,198,140,119,70
119,198,140,119,184
119,198,140,119,148
50,161,56,50,7
50,161,56,50,47
50,161,56,50,136
50,161,56,50,25
50,161,56,50,51
50,161,56,50,31
50,161,56,50,158
50,161,56,50,156
50,161,56,50,21
50,161,56,50,177
50,161,56,50,130
177,54,122,177,189
177,54,122,177,133
177,54,122,177,19
177,54,122,177,94
185,20,88,185,78
185,20,88,185,22
185,20,88,185,116
185,20,88,185,139
185,20,88,185,163
185,20,88,185,30
185,20,88,185,43
185,20,88,185,100
185,20,88,185,197
125,109,112,125,50
125,109,112,125,109
125,109,112,125,115
125,109,112,125,141
189,86,169,189,34
189,86,169,189,82
113,149,52,113,75
113,149,52,113,73
113,149,52,113,97
113,149,52,113,193
113,149,52,113,32
113,149,52,113,34
113,149,52,113,182
113,149,52,113,112
85,35,124,85,51
85,35,124,85,40
85,35,124,85,161
2,14,60,2,168
2,14,60,2,158
2,14,60,2,101
2,14,60,2,184
172,194,141,172,178
172,194,141,172,93
172,194,141,172,181
172,194,141,172,186
91,37,62,91,147
91,37,62,91,47
91,37,62,91,14
91,37,62,91,54
91,37,62,91,113
91,37,62,91,190
91,37,62,91,182
91,37,62,91,6
91,37,62,91,129
75,84,32,75,179
75,84,32,75,133
75,84,32,75,35
75,84,32,75,111
2,84,21,2,168
2,84,21,2,158
2,84,21,2,101
2,84,21,2,184
42,8,104,42,152
42,8,104,42,11
77,140,168,77,114
77,140,168,77,92
77,140,168,77,150
77,140,168,77,89
50,26,106,50,7
50,26,106,50,47
50,26,106,50,136
50,26,106,50,25
50,26,106,50,51
50,26,106,50,31
50,26,106,50,158
50,26,106,50,156
50,26,106,50,21
50,26,106,50,177
50,26,106,50,130
166,66,129,166,45
166,66,129,166,76
166,66,129,166,117
166,66,129,166,162
166,66,129,166,34
112,57,79,112,99
112,57,79,112,139
112,57,79,112,163
112,57,79,112,89
112,57,79,112,18
112,57,79,112,176
112,57,79,112,45
112,57,79,112,10
112,57,79,112,91
95,106,191,95,106
95,106,191,95,129
95,106,191,95,125
95,106,191,95,57
52,149,85,52,42
52,149,85,52,8
52,149,85,52,94
52,149,85,52,167
52,149,85,52,176
164,118,124,164,10
164,118,124,164,47
164,118,124,164,197
164,118,124,164,54
164,118,124,164,139
181,170,162,181,137
181,170,162,181,1
181,170,162,181,172
181,170,162,181,67
181,170,162,181,108
181,170,162,181,143
181,170,162,181,16
70,16,34,70,70
70,16,34,70,167
70,16,34,70,61
70,16,34,70,29
70,16,34,70,35
29,155,186,29,122
29,155,186,29,49
29,155,186,29,46
29,155,186,29,29
29,155,186,29,77
29,155,186,29,62
29,155,186,29,169
29,155,186,29,145
29,155,186,29,163
29,82,85,29,122
29,82,85,29,49
29,82,85,29,46
29,82,85,29,29
29,82,85,29,77
29,82,85,29,62
29,82,85,29,169
29,82,85,29,145
29,82,85,29,163
62,197,67,62,121
62,197,67,62,180
62,197,67,62,161
62,197,67,62,130
124,35,94,124,39
124,35,94,124,166
124,35,94,124,41
124,35,94,124,175
124,35,94,124,75
128,140,13,128,159
128,140,13,128,196
128,140,13,128,102
68,195,142,68,10
68,195,142,68,34
68,195,142,68,145
68,195,142,68,28
68,195,142,68,56
24,70,33,24,66
24,70,33,24,136
24,70,33,24,64
24,70,33,24,137
0,97,129,0,99
0,97,129,0,83
0,97,129,0,75
155,15,12,155,145
155,15,12,155,109
82,19,92,82,89
82,19,92,82,166
82,19,92,82,111
82,19,92,82,86
82,19,92,82,2
12,34,172,12,30
12,34,172,12,11
12,34,172,12,137
12,34,172,12,21
12,34,172,12,168
12,34,172,12,57
15,120,130,15,136
15,120,130,15,13
15,120,130,15,13
15,120,130,15,165
15,120,130,15,107
15,120,130,15,138
136,36,162,136,69
136,36,162,136,126
136,36,162,136,134
136,36,162,136,78
136,36,162,136,96
136,36,162,136,155
103,94,167,103,34
103,94,167,103,56
103,94,167,103,165
103,94,167,103,7
103,94,167,103,34
60,91,118,60,169
60,91,118,60,152
60,91,118,60,70
60,91,118,60,172
1,102,171,1,138
1,102,171,1,147
1,102,171,1,12
1,102,171,1,25
1,102,171,1,74
1,102,171,1,115
1,102,171,1,6
41,75,200,41,163
41,75,200,41,82
41,75,200,41,27
41,75,200,41,198
41,75,200,41,145
41,75,200,41,13
41,75,200,41,99
21,97,9,21,197
21,97,9,21,193
21,97,9,21,101
21,97,9,21,85
21,97,9,21,70
21,97,9,21,140
21,97,9,21,114
21,97,9,21,123
21,97,9,21,30
130,96,62,130,70
130,96,62,130,134
130,96,62,130,158
130,96,62,130,111
130,96,62,130,68
130,96,62,130,73
130,96,62,130,54
41,43,200,41,163
41,43,200,41,82
41,43,200,41,27
41,43,200,41,198
41,43,200,41,145
41,43,200,41,13
41,43,200,41,99
160,182,44,160,144
160,182,44,160,77
160,182,44,160,163
160,182,44,160,164
160,182,44,160,89
160,182,44,160,51
160,182,44,160,144
160,182,44,160,90
160,182,44,160,41
160,182,44,160,51
58,152,163,58,160
58,152,163,58,31
58,152,163,58,64
58,152,163,58,149
188,37,134,188,189
188,37,134,188,28
188,37,134,188,135
188,37,134,188,42
62,105,98,62,121
62,105,98,62,180
62,105,98,62,161
62,105,98,62,130
133,197,86,133,51
133,197,86,133,45
133,197,86,133,47
133,197,86,133,49
133,197,86,133,88
7,132,180,7,2
7,132,180,7,121
7,132,180,7,161
7,132,180,7,159
7,132,180,7,100
7,132,180,7,70
156,126,52,156,51
156,126,52,156,167
156,126,52,156,83
156,126,52,156,64
79,161,155,79,140
79,161,155,79,107
79,161,155,79,61
79,161,155,79,38
79,161,155,79,3
79,161,155,79,61
79,161,155,79,73
63,49,148,63,166
12,160,156,12,30
12,160,156,12,11
12,160,156,12,137
12,160,156,12,21
12,160,156,12,168
12,160,156,12,57
105,195,159,105,137
156,50,31,156,51
156,50,31,156,167
156,50,31,156,83
156,50,31,156,64
95,127,76,95,106
95,127,76,95,129
95,127,76,95,125
95,127,76,95,57
151,116,111,151,119
151,116,111,151,14
121,169,109,121,131
121,169,109,121,164
121,169,109,121,157
121,169,109,121,25
121,169,109,121,175
121,169,109,121,150
121,169,109,121,71
121,169,109,121,117
121,169,109,121,17
116,64,123,116,159
116,64,123,116,79
116,64,123,116,154
197,126,142,197,160
197,126,142,197,164
197,126,142,197,171
197,126,142,197,115
155,58,134,155,145
155,58,134,155,109
108,129,102,108,155
108,129,102,108,45
108,129,102,108,8
172,80,5,172,178
172,80,5,172,93
172,80,5,172,181
172,80,5,172,186
147,9,100,147,87
147,9,100,147,196
147,9,100,147,129
147,9,100,147,70
144,132,10,144,175
144,132,10,144,181
144,132,10,144,85
144,132,10,144,34
144,132,10,144,198
144,132,10,144,19
75,45,13,75,179
75,45,13,75,133
75,45,13,75,35
75,45,13,75,111
58,128,80,58,160
58,128,80,58,31
58,128,80,58,64
58,128,80,58,149
70,54,180,70,70
70,54,180,70,167
70,54,180,70,61
70,54,180,70,29
70,54,180,70,35
53,103,116,53,194
53,103,116,53,173
53,103,116,53,118
53,103,116,53,173
53,103,116,53,43
53,103,116,53,0
52,0,70,52,42
52,0,70,52,8
52,0,70,52,94
52,0,70,52,167
52,0,70,52,176
130,11,62,130,70
130,11,62,130,134
130,11,62,130,158
130,11,62,130,111
130,11,62,130,68
130,11,62,130,73
130,11,62,130,54
109,187,48,109,19
109,187,48,109,74
109,187,48,109,83
109,187,48,109,148
49,70,31,49,70
49,70,31,49,23
49,70,31,49,14
49,70,31,49,123
49,70,31,49,29
49,70,31,49,0
43,182,93,43,46
43,182,93,43,172
43,182,93,43,137
110,85,176,110,160
110,85,176,110,144
110,85,176,110,20
110,85,176,110,147
110,85,176,110,81
182,170,27,182,14
182,170,27,182,110
182,170,27,182,52
182,170,27,182,115
182,170,27,182,177
182,170,27,182,71
182,170,27,182,172
94,5,62,94,77
94,5,62,94,50
94,5,62,94,40
94,5,62,94,159
149,29,26,149,151
149,29,26,149,191
149,29,26,149,96
149,29,26,149,65
5,23,86,5,66
5,23,86,5,83
5,23,86,5,113
5,23,86,5,193
47,62,67,47,24
47,62,67,47,89
47,62,67,47,121
47,62,67,47,109
113,11,174,113,75
113,11,174,113,73
113,11,174,113,97
113,11,174,113,193
113,11,174,113,32
113,11,174,113,34
113,11,174,113,182
113,11,174,113,112
28,121,25,28,23
28,121,25,28,16
28,121,25,28,71
28,121,25,28,23
28,121,25,28,72
167,89,146,167,45
167,89,146,167,116
167,89,146,167,115
143,199,166,143,104
143,199,166,143,169
143,199,166,143,144
143,199,166,143,35
50,156,19,50,7
50,156,19,50,47
50,156,19,50,136
50,156,19,50,25
50,156,19,50,51
50,156,19,50,31
50,156,19,50,158
50,156,19,50,156
50,156,19,50,21
50,156,19,50,177
50,156,19,50,130
138,162,164,138,41
138,162,164,138,26
138,162,164,138,166
138,162,164,138,28
138,162,164,138,55
58,194,19,58,160
58,194,19,58,31
58,194,19,58,64
58,194,19,58,149
162,83,189,162,174
162,83,189,162,49
85,77,62,85,51
85,77,62,85,40
85,77,62,85,161
70,104,191,70,70
70,104,191,70,167
70,104,191,70,61
70,104,191,70,29
70,104,191,70,35
199,18,155,199,82
199,18,155,199,63
199,18,155,199,155
161,142,186,161,116
161,142,186,161,187
161,142,186,161,176
161,142,186,161,8
161,142,186,161,179
48,15,144,48,157
48,15,144,48,127
48,15,144,48,60
131,179,162,131,108
131,179,162,131,62
131,179,162,131,138
131,179,162,131,124
131,179,162,131,9
118,26,176,118,149
118,26,176,118,43
118,26,176,118,169
118,26,176,118,180
118,26,176,118,79
118,26,176,118,17
118,26,176,118,114
118,26,176,118,158
37,101,56,37,21
37,101,56,37,16
37,101,56,37,169
37,101,56,37,14
168,3,50,168,172
168,3,50,168,81
168,3,50,168,125
168,3,50,168,103
168,3,50,168,11
76,35,157,76,11
76,35,157,76,27
76,35,157,76,178
76,35,157,76,188
76,35,157,76,145
10,187,170,10,11
10,187,170,10,23
10,187,170,10,107
10,187,170,10,26
10,187,170,10,49
104,120,197,104,51
104,120,197,104,50
104,120,197,104,31
104,120,197,104,5
104,120,197,104,155
104,120,197,104,159
104,120,197,104,79
104,120,197,104,189
104,120,197,104,40
89,51,186,89,5
89,51,186,89,81
89,51,186,89,199
89,51,186,89,119
89,51,186,89,48
89,51,186,89,164
89,51,186,89,94
89,51,186,89,92
89,51,186,89,118
89,51,186,89,59
89,51,186,89,113
101,124,102,101,129
101,124,102,101,133
101,124,102,101,173
101,124,102,101,197
101,124,102,101,66
101,124,102,101,55
101,124,102,101,113
43,8,133,43,46
43,8,133,43,172
43,8,133,43,137
182,50,72,182,14
182,50,72,182,110
182,50,72,182,52
182,50,72,182,115
182,50,72,182,177
182,50,72,182,71
182,50,72,182,172
92,24,12,92,127
92,24,12,92,42
92,24,12,92,58
6,145,63,6,172
6,145,63,6,182
6,145,63,6,77
6,145,63,6,39
6,145,63,6,68
50,174,88,50,7
50,174,88,50,47
50,174,88,50,136
50,174,88,50,25
50,174,88,50,51
50,174,88,50,31
50,174,88,50,158
50,174,88,50,156
50,174,88,50,21
50,174,88,50,177
50,174,88,50,130
57,105,196,57,46
57,105,196,57,92
57,105,196,57,51
57,105,196,57,81
57,105,196,57,153
160,145,135,160,144
160,145,135,160,77
160,145,135,160,163
160,145,135,160,164
160,145,135,160,89
160,145,135,160,51
160,145,135,160,144
160,145,135,160,90
160,145,135,160,41
160,145,135,160,51
136,25,198,136,69
136,25,198,136,126
136,25,198,136,134
136,25,198,136,78
136,25,198,136,96
136,25,198,136,155
196,172,103,196,100
196,172,103,196,28
196,172,103,196,138
196,172,103,196,123
196,172,103,196,67
92,46,12,92,127
92,46,12,92,42
92,46,12,92,58
