196,12
101,30
130,57
43,172
36,61
127,199
29,31
24,194
192,1
99,1
88,91
20,16
35,124
71,62
156,140
96,167
150,133
22,1
172,150
126,3
167,120
108,177
119,196
25,189
11,50
122,114
17,96
83,51
44,11
108,170
127,48
147,116
145,154
63,99
72,87
136,169
90,77
109,49
157,76
195,80
105,199
86,64
87,186
27,150
35,56
23,192
173,177
175,171
83,80
47,53
164,56
50,34
122,46
51,116
183,171
177,58
3,140
174,187
182,164
92,177
97,32
187,170
120,177
90,49
162,126
174,118
191,32
101,187
137,132
163,176
13,200
140,126
150,131
184,174
147,30
189,146
96,142
102,63
83,141
111,173
14,190
3,169
5,25
30,85
162,37
117,186
107,93
176,179
136,2
53,62
18,68
27,41
30,78
150,153
160,63
97,157
112,143
29,175
158,166
137,35
100,99
16,38
189,187
9,5
153,22
110,190
109,82
193,51
91,77
42,60
51,144
21,36
103,78
169,162
56,33
187,123
58,121
130,120
111,44
8,9
137,60
153,107
186,181
177,31
79,50
17,128
121,80
36,46
173,184
77,154
5,115
5,8
173,163
99,163
191,183
75,169
139,177
69,37
131,54
122,165
164,68
79,165
21,53
168,10
74,165
54,134
9,156
157,40
75,62
103,66
3,33
100,58
28,58
55,128
170,16
59,36
40,44
184,87
63,65
11,42
133,197
14,57
188,51
54,166
73,178
117,36
157,74
11,34
110,101
91,177
42,66
110,4
105,39
13,14
174,113
160,138
60,110
116,9
75,148
79,23
110,58
169,7
9,24
5,118
152,195
134,40
32,85
120,50
89,128
63,54
130,193
141,180
94,28
104,120
195,5
168,172
196,55
130,41
111,128
38,164
101,122
86,151
150,196
68,137
128,59
95,86
0,131
21,26
33,113
172,68
80,122
141,109
164,149
38,3
178,164
55,17
113,153
4,199
152,163
34,165
40,78
169,157
159,164
51,106
152,119
36,191
119,92
148,69
11,78
190,63
191,75
64,35
176,37
139,50
82,99
158,130
127,42
129,91
118,90
197,180
197,58
97,22
24,182
111,116
151,88
111,43
149,134
190,22
2,184
151,182
84,130
137,21
21,126
131,33
25,42
191,172
171,167
3,50
117,114
41,107
113,45
67,75
120,8
2,58
190,110
109,9
139,38
125,104
192,168
7,105
151,129
65,93
24,129
177,176
113,167
29,117
143,148
114,171
5,14
89,194
29,181
1,96
66,200
56,115
44,5
140,23
128,161
99,137
99,108
175,55
73,168
45,61
18,92
198,92
115,67
69,184
62,37
124,113
164,73
26,114
51,180
105,44
149,193
55,155
159,68
40,134
130,141
37,44
151,63
198,4
37,10
100,151
183,117
176,131
38,50
131,49
139,181
85,88
60,173
194,107
175,24
81,12
15,135
144,52
11,196
109,163
20,37
117,200
51,29
129,190
36,105
25,88
119,196
151,139
77,4
110,171
43,3
200,197
101,149
63,26
90,165
149,96
183,40
158,47
105,175
87,34
11,151
173,91
83,6
111,164
136,25
119,86
157,108
50,30
81,71
194,60
190,148
78,173
131,40
1,185
91,47
77,14
36,49
125,139
121,2
122,1
40,5
151,186
184,169
166,54
43,164
97,57
187,166
13,24
192,149
197,139
98,124
59,135
153,140
169,37
147,70
28,101
186,178
62,68
171,109
155,104
178,32
30,35
152,166
162,39
105,188
73,138
83,57
79,98
167,100
72,175
81,8
55,33
182,175
45,186
184,93
130,62
198,52
125,56
163,68
150,30
59,166
163,20
34,6
58,142
67,200
78,21
184,183
186,128
115,136
172,83
69,87
9,172
102,48
74,99
149,175
104,117
46,173
162,64
50,49
145,187
9,170
152,96
130,84
30,188
12,0
20,188
100,39
114,20
61,35
95,154
66,32
24,143
81,54
167,57
54,21
80,186
44,131
116,186
132,81
146,5
187,193
58,190
195,195
28,11
103,185
50,107
64,76
29,96
45,129
132,198
195,63
78,143
136,128
44,139
176,157
80,12
12,146
141,68
144,52
83,79
191,60
151,115
127,19
147,84
134,47
189,35
171,97
4,139
1,126
184,40
115,89
130,155
58,27
188,118
180,21
34,52
150,100
24,140
162,85
1,54
23,75
133,16
116,181
69,94
102,167
81,47
98,149
112,4
26,11
115,132
82,108
191,1
160,171
192,97
110,86
96,26
72,69
62,152
155,136
10,182
45,190
35,195
6,145
109,27
193,160
56,12
134,161
78,81
193,94
193,53
15,3
118,112
196,125
67,158
37,179
38,59
95,159
9,149
154,116
63,41
164,194
179,6
194,29
121,156
140,44
1,191
147,162
133,123
6,55
122,24
183,83
151,187
78,109
95,19
190,73
113,50
180,164
112,178
23,93
56,164
34,200
31,114
53,16
81,139
137,39
155,168
85,50
24,191
64,46
55,158
155,72
61,177
152,34
157,38
25,195
125,111
31,112
5,140
106,127
61,91
43,1
129,148
164,173
44,109
22,125
101,86
79,186
145,104
32,192
161,13
86,94
147,106
39,60
13,50
34,21
145,50
108,190
170,148
190,128
180,151
112,19
50,27
59,184
26,57
195,19
190,110
51,70
95,8
23,114
147,57
196,121
168,75
154,58
160,61
173,1
170,41
38,142
159,78
39,74
54,83
32,6
108,11
85,101
84,32
9,15
177,68
91,133
187,126
97,111
163,51
123,181
158,145
105,180
147,35
85,31
173,61
83,176
156,62
32,127
137,193
95,127
184,159
163,98
110,48
10,165
165,16
25,115
34,174
11,54
20,37
122,179
118,197
116,162
196,89
164,109
106,63
191,160
13,200
1,66
116,57
11,167
166,155
66,67
160,96
157,39
57,68
134,47
0,54
161,155
199,134
25,191
189,119
52,78
116,45
166,21
43,108
52,21
150,59
152,89
144,123
134,153
17,138
139,197
85,187
94,60
120,188
118,130
94,45
45,160
106,118
80,48
98,111
37,61
82,96
118,55
163,23
79,107
177,84
90,178
44,115
33,124
145,8
5,119
120,163
161,84
127,108
90,48
185,154
164,43
179,105
8,118
145,57
56,43
22,76
10,173
172,89
73,94
95,52
28,124
178,84
168,49
186,66
49,159
168,188
53,57
47,187
124,198
70,11
49,61
128,128
30,157
56,186
52,39
42,174
170,10
191,163
97,20
4,73
151,8
117,57
31,122
186,182
142,90
11,151
181,102
172,55
53,181
176,25
59,72
2,130
22,93
136,39
50,184
46,125
122,200
156,30
56,135
191,78
55,30
91,38
149,5
98,125
158,167
94,30
25,129
73,48
114,154
135,13
164,78
82,178
79,120
190,73
169,54
22,70
148,129
168,77
174,195
156,183
77,176
136,25
54,75
70,199
24,104
117,14
151,68
120,130
175,92
113,34
98,21
9,13
48,76
36,34
120,15
135,173
92,59
51,80
104,6
93,163
145,194
60,141
18,136
50,134
191,45
49,179
21,127
10,161
21,73
49,34
173,126
121,106
43,98
19,179
199,98
60,11
97,21
47,6
62,197
55,180
130,96
39,118
79,98
93,131
1,112
98,160
94,117
196,70
44,2
86,129
158,95
56,56
109,192
14,181
107,129
47,119
153,42
118,14
129,32
25,94
108,63
46,62
15,7
150,66
117,198
195,126
95,74
72,76
76,15
12,156
24,64
22,152
70,126
9,71
151,137
161,52
185,0
40,160
32,156
0,87
191,2
41,167
161,32
95,188
155,158
21,34
122,32
15,58
71,155
59,103
27,26
40,37
149,22
40,134
6,4
45,90
34,3
85,27
183,128
2,152
138,32
81,55
51,93
111,96
119,68
114,137
182,108
155,122
147,36
135,136
94,143
140,170
128,195
70,117
177,35
1,102
15,126
187,178
164,35
187,134
76,92
84,114
158,175
97,37
112,94
68,43
108,200
141,146
17,167
165,163
44,124
133,72
59,92
195,56
137,77
100,150
156,4
183,159
178,172
88,79
195,0
147,96
16,103
136,47
33,150
198,162
54,148
113,67
29,145
114,159
169,189
34,82
141,44
43,59
9,37
195,154
141,127
38,124
172,188
170,41
46,0
127,164
160,178
60,42
14,45
200,190
85,194
183,70
195,138
137,163
70,90
53,139
15,179
15,27
19,144
110,11
160,73
88,162
113,41
88,163
73,16
52,135
198,140
8,172
81,158
171,40
22,146
143,177
121,157
165,52
40,87
158,90
41,95
194,87
199,122
61,114
118,61
5,174
19,184
103,92
88,173
14,163
102,170
186,96
171,44
96,84
172,165
198,57
74,199
96,25
199,59
99,140
34,102
148,48
196,136
77,21
196,73
101,162
126,66
145,117
166,194
55,134
147,132
126,8
188,70
159,105
3,137
108,24
96,121
125,49
56,47
52,105
162,199
28,36
135,181
136,44
