64
181
147
81
75
133
171
157
29
118
156
135
156
5
63
173
106
18
200
189
54
58
145
90
195
155
167
73
93
128
176
92
22
97
28
35
132
185
88
63
53
59
137
108
72
89
43
157
80
49
134
158
187
113
150
52
32
40
200
60
123
199
91
50
117
20
126
167
19
188
83
61
54
59
50
89
108
155
123
159
129
19
66
126
33
156
160
177
0
123
93
0
155
22
189
131
95
47
10
130
15
137
161
79
82
96
189
15
197
104
19
137
103
12
153
79
87
178
156
33
51
130
114
7
150
193
163
33
193
43
167
157
59
199
27
107
73
133
156
57
53
124
110
14
123
27
71
50
168
58
163
59
130
67
94
199
135
194
37
129
199
58
171
35
173
9
164
104
172
108
0
96
102
188
150
174
81
105
139
168
158
136
112
22
87
84
174
192
191
1
96
59
165
47
187
176
38
82
58
181
27
112
96
35
197
197
66
1
187
31
58
134
146
30
113
150
79
163
87
172
60
12
10
32
154
156
118
87
68
26
123
5
138
95
40
166
137
88
161
130
22
112
146
108
140
64
138
27
16
27
1
160
53
170
131
187
30
173
84
111
84
72
174
195
10
158
103
80
21
31
194
172
199
180
74
119
133
78
162
51
67
122
183
157
64
176
185
56
84
142
150
14
89
117
48
124
26
123
137
93
109
195
167
154
165
20
56
186
96
150
25
114
192
58
183
185
189
107
116
4
63
190
131
127
46
163
29
19
75
93
146
93
106
53
93
48
23
32
143
17
168
2
197
32
197
35
95
152
106
58
146
104
73
69
152
97
99
138
62
32
29
82
114
71
163
111
115
190
197
157
108
23
68
125
51
61
162
123
130
72
160
89
25
38
190
105
180
41
2
55
75
176
57
141
83
118
53
67
159
59
43
135
52
191
168
119
58
61
183
124
64
52
154
150
157
151
196
73
11
14
192
152
90
62
13
102
102
48
7
46
138
143
87
139
87
85
129
18
187
130
200
195
109
186
87
11
197
60
69
171
83
167
168
173
46
93
63
120
67
103
181
125
89
100
137
40
147
19
197
33
108
5
132
101
97
108
176
179
96
183
105
21
90
177
13
125
107
147
6
80
92
16
120
167
115
120
175
186
77
185
15
61
180
135
99
174
140
174
93
2
65
112
36
122
174
16
129
87
26
29
61
106
14
73
23
159
4
139
31
116
144
107
197
133
117
44
1
52
162
132
154
121
12
6
186
173
16
153
200
132
57
116
58
178
73
119
0
159
107
126
27
146
82
114
59
163
199
94
33
38
94
122
70
109
128
43
66
58
12
18
29
55
115
156
45
57
91
170
7
132
37
50
63
87
2
30
177
194
163
84
59
20
1
131
146
55
130
15
117
97
135
73
14
24
28
15
49
121
63
68
103
11
89
15
58
179
98
180
140
93
134
132
119
20
167
156
153
189
7
60
138
53
41
42
73
122
107
147
153
198
107
146
120
42
173
55
1
163
6
63
26
43
91
105
3
59
108
192
25
193
128
170
101
11
116
136
168
67
187
180
172
169
116
75
111
100
61
72
51
114
111
2
95
182
167
89
100
88
5
113
110
13
186
189
121
15
53
145
141
81
192
43
4
67
126
130
107
145
63
21
134
66
166
103
126
141
138
198
60
98
8
137
120
159
174
42
148
24
34
28
132
178
33
120
174
44
185
40
44
144
157
190
8
3
145
133
43
129
47
113
93
189
154
129
145
37
93
50
170
121
28
69
116
1
111
118
99
32
185
199
22
87
145
179
66
27
23
71
131
18
67
82
175
67
114
188
121
44
78
123
134
200
57
16
124
187
116
179
106
175
49
112
62
117
74
118
53
54
80
73
76
26
89
189
189
106
156
29
4
180
172
43
32
49
172
11
75
17
25
159
19
7
27
11
100
102
25
198
130
139
80
61
165
88
14
176
78
186
182
190
154
119
54
85
9
123
94
36
54
6
155
40
143
48
154
1
40
127
117
171
198
164
133
18
0
42
119
50
177
185
125
189
113
65
85
2
172
91
75
2
42
77
50
166
112
95
52
164
181
70
29
29
62
124
128
68
24
0
155
82
12
15
136
103
60
1
41
21
130
41
160
58
188
62
133
7
156
79
63
12
105
156
95
151
121
116
197
155
108
172
147
144
75
58
70
53
52
130
109
49
43
110
182
94
149
5
47
55
113
28
167
143
50
138
58
162
85
70
199
161
48
131
118
37
168
76
10
104
89
101
43
182
92
6
50
57
160
136
196
92
