164,10
13,107
75,179
145,88
136,69
176,10
125,50
50,7
0,99
192,77
6,172
174,143
48,157
185,78
115,3
139,76
190,168
1,138
10,11
27,11
174,21
79,140
172,178
120,88
57,46
177,189
160,144
52,42
176,85
21,197
194,64
104,51
168,172
191,168
126,52
80,131
106,50
56,95
124,39
79,107
87,58
135,66
72,9
150,181
139,61
114,144
102,152
149,151
1,147
130,70
3,187
154,63
99,26
94,77
183,84
176,40
32,155
112,99
117,200
21,193
117,121
160,77
174,42
48,127
160,163
133,51
64,156
113,75
192,32
112,139
100,169
3,1
158,41
194,31
89,5
72,60
64,70
102,25
170,64
6,182
28,23
80,111
121,131
184,100
197,160
62,121
88,150
91,147
128,159
145,131
180,169
50,47
50,136
53,194
7,2
127,164
24,66
66,195
175,53
12,30
74,198
129,110
83,142
8,96
69,158
118,149
48,60
113,73
174,115
34,91
10,23
50,25
101,129
59,101
171,173
42,152
49,70
119,70
175,84
200,120
74,1
184,98
183,57
133,45
191,96
8,163
178,131
142,133
170,35
124,166
10,107
196,100
53,173
91,47
185,22
71,87
142,197
34,81
1,12
106,23
22,28
127,187
33,91
89,81
155,145
104,50
170,143
179,17
110,160
176,155
179,5
15,136
112,163
13,24
49,23
8,92
74,63
119,184
43,46
156,51
70,70
5,66
58,160
136,126
185,116
43,172
111,141
140,0
80,15
56,167
139,186
107,169
133,47
45,88
61,35
40,185
182,14
153,2
110,144
32,148
94,50
45,32
61,125
72,61
115,145
120,9
126,55
67,71
126,180
92,127
194,11
90,195
127,113
145,33
47,24
132,1
68,10
70,167
151,119
80,153
152,54
163,63
139,190
64,170
62,180
31,171
192,166
176,97
41,163
173,182
131,108
105,137
127,167
167,45
97,155
118,43
85,51
70,61
87,151
185,139
185,163
75,133
166,45
69,177
128,196
49,14
135,28
132,46
58,31
28,16
164,47
80,20
90,95
131,62
176,37
198,57
93,179
141,92
69,183
81,120
83,85
198,140
106,190
90,24
107,131
200,45
126,171
135,106
198,93
5,83
49,123
52,8
146,62
59,172
170,160
94,40
79,61
45,44
200,34
80,41
78,70
194,7
195,93
118,169
95,106
94,159
191,27
198,10
24,136
199,82
172,93
24,64
134,195
37,21
143,104
81,169
182,110
180,174
112,89
156,167
21,101
0,83
50,51
135,166
67,135
29,122
86,99
12,11
51,143
142,145
142,15
166,76
107,67
179,148
89,199
44,196
107,124
198,87
177,133
82,89
185,30
107,200
104,31
145,37
45,127
188,189
45,140
73,172
34,91
186,58
76,11
59,8
40,100
181,137
135,16
131,138
129,125
141,154
113,97
64,16
181,1
194,179
9,42
197,164
121,164
200,141
125,109
74,41
89,119
28,71
121,157
113,193
52,94
182,52
115,199
47,89
53,118
165,58
184,176
90,123
32,162
121,25
28,23
112,18
45,148
52,167
112,176
1,25
116,159
50,31
39,148
132,4
35,81
197,171
174,134
74,161
96,11
67,75
108,155
145,55
73,13
101,133
19,151
132,122
191,141
83,175
13,62
109,19
56,189
192,58
139,63
20,156
145,146
2,168
22,11
186,40
136,134
152,187
18,16
4,148
157,159
163,123
68,34
108,45
100,26
79,38
171,125
35,155
34,99
34,81
29,49
180,25
66,7
160,164
92,42
104,5
145,54
122,24
7,121
104,155
45,140
103,34
144,175
15,13
161,116
72,129
117,193
130,134
81,46
97,152
193,169
102,101
179,158
36,24
61,72
118,180
62,161
11,89
160,89
58,64
88,189
57,92
35,47
76,27
172,181
91,14
19,79
26,38
102,39
126,186
101,173
136,78
157,163
113,32
2,158
196,28
183,59
57,51
2,101
160,51
101,197
9,181
69,174
168,81
169,38
9,150
142,168
18,85
121,175
83,28
93,28
78,198
7,161
170,22
158,15
93,26
73,46
196,138
191,81
147,87
9,140
12,137
104,159
35,132
182,115
41,82
108,8
30,116
173,157
156,83
190,197
6,77
54,153
95,129
28,72
19,63
109,74
76,178
113,34
91,54
153,186
131,124
41,27
118,79
146,181
170,10
111,170
59,49
177,19
33,154
7,159
198,148
15,13
179,185
5,113
18,68
89,48
158,150
134,152
20,31
168,125
127,152
9,125
176,24
136,96
189,34
163,152
152,101
111,40
90,63
31,25
66,135
41,198
142,43
91,113
179,184
129,121
166,117
198,18
192,64
121,150
16,170
160,144
87,132
110,20
157,2
56,68
109,83
63,166
79,3
78,136
144,181
52,176
147,196
179,148
128,102
96,83
60,169
3,160
142,182
172,186
15,165
107,27
144,85
21,85
9,98
146,133
195,134
187,198
194,44
25,176
176,124
150,67
77,114
104,79
13,145
88,129
77,92
22,138
169,140
1,74
195,85
132,194
19,107
49,29
126,160
171,135
161,187
165,68
86,56
162,174
110,147
89,164
102,78
199,63
138,41
78,82
58,149
200,96
101,66
143,169
34,11
147,129
161,176
40,37
91,190
117,174
77,150
70,29
192,46
139,151
51,23
173,9
86,54
200,9
129,31
164,197
140,59
8,114
111,110
41,145
25,104
26,190
200,28
190,79
17,140
37,16
77,89
23,85
27,26
64,70
9,200
29,46
154,93
95,125
61,127
152,180
116,79
146,21
21,70
187,157
170,32
135,101
54,149
147,70
73,34
33,102
103,56
54,123
69,45
66,138
16,63
96,43
21,140
37,169
160,90
19,198
144,34
50,158
173,161
16,70
19,113
111,0
157,73
47,121
51,26
46,168
182,177
80,153
142,169
188,28
69,75
75,35
44,184
123,8
193,79
174,118
117,28
140,72
69,184
100,42
160,41
178,162
40,54
33,197
153,19
54,148
4,89
148,118
182,71
104,189
192,138
61,122
106,38
129,32
152,146
152,0
121,71
138,26
41,13
32,147
154,87
15,107
36,114
91,182
130,158
141,148
137,14
137,84
84,45
33,107
163,195
143,144
85,40
15,138
8,39
121,117
4,90
1,115
68,145
133,49
179,73
160,51
103,165
10,26
107,89
141,50
97,9
96,103
25,92
50,156
121,17
159,139
109,148
29,29
50,21
175,165
199,155
61,32
54,89
112,45
27,88
116,154
97,93
136,155
79,61
131,9
60,152
74,78
100,175
69,92
90,171
197,115
53,173
88,93
25,28
182,172
169,20
38,183
16,106
36,174
80,45
2,184
20,30
193,116
170,65
13,193
129,179
194,136
69,93
21,114
68,28
91,6
176,153
162,49
155,109
106,84
79,73
98,35
156,64
114,173
95,57
78,187
196,123
122,54
0,75
49,0
144,198
138,166
115,50
166,162
148,69
152,108
57,81
8,5
123,189
168,103
11,23
57,153
32,192
132,17
161,8
3,199
184,172
119,148
38,197
167,116
30,18
181,172
29,77
137,62
59,139
25,122
185,43
7,100
1,6
150,200
192,85
81,192
91,129
180,64
5,193
135,4
46,175
76,188
192,163
146,143
126,169
130,111
29,62
139,63
113,182
3,57
103,7
130,68
69,59
192,87
69,160
12,21
144,19
171,62
100,152
29,169
168,11
137,102
72,72
185,100
29,145
97,104
149,191
60,70
32,133
151,14
9,173
89,94
53,43
138,28
6,39
88,117
140,187
124,41
66,128
173,29
143,35
175,140
70,35
181,67
50,177
64,101
46,155
185,197
62,130
27,36
16,15
167,115
165,178
59,132
149,96
85,161
82,166
36,192
29,163
10,49
72,148
101,55
89,92
132,142
21,123
123,143
154,88
103,34
140,175
190,155
50,130
64,27
89,118
196,67
13,106
159,57
25,64
181,108
66,18
118,17
87,185
198,95
3,44
42,11
133,88
87,73
93,176
3,157
129,195
134,64
170,170
86,178
166,34
24,137
98,115
25,191
60,172
137,165
6,68
154,178
82,111
68,56
96,65
188,135
164,54
150,95
67,148
130,73
181,143
3,121
142,78
88,104
101,113
56,127
87,6
170,45
127,117
13,145
21,30
124,175
113,112
106,21
142,52
13,84
51,30
142,147
89,59
39,98
192,5
142,188
175,184
22,171
92,58
171,186
17,105
12,168
129,63
114,190
12,57
169,154
177,94
66,101
73,70
27,174
78,59
37,14
114,162
7,70
61,136
53,0
11,55
164,139
8,128
129,195
130,54
43,137
89,113
163,4
138,55
124,75
112,10
96,158
75,111
41,99
100,180
117,28
150,140
104,40
118,114
175,84
3,16
69,25
146,9
82,86
71,85
149,65
110,81
87,73
135,65
47,109
11,100
38,10
82,2
76,145
3,9
25,144
56,179
118,158
161,179
99,160
181,16
189,82
125,115
112,91
125,141
188,42
51,48
