12,0
46,0
185,0
195,0
22,1
43,1
99,1
122,1
173,1
191,1
192,1
44,2
121,2
136,2
191,2
15,3
34,3
38,3
43,3
126,3
6,4
77,4
110,4
112,4
156,4
198,4
9,5
40,5
44,5
146,5
149,5
195,5
32,6
34,6
47,6
83,6
104,6
179,6
15,7
169,7
5,8
81,8
95,8
120,8
126,8
145,8
151,8
8,9
109,9
116,9
37,10
168,10
170,10
26,11
28,11
44,11
60,11
70,11
108,11
110,11
56,12
80,12
81,12
196,12
9,13
135,13
161,13
5,14
13,14
77,14
117,14
118,14
9,15
76,15
120,15
20,16
53,16
73,16
133,16
165,16
170,16
55,17
95,19
112,19
127,19
195,19
97,20
114,20
163,20
34,21
52,21
54,21
77,21
78,21
97,21
98,21
137,21
166,21
180,21
97,22
149,22
153,22
190,22
79,23
140,23
163,23
9,24
13,24
108,24
122,24
175,24
5,25
96,25
136,25
136,25
176,25
21,26
27,26
63,26
96,26
15,27
50,27
58,27
85,27
109,27
94,28
51,29
194,29
50,30
55,30
94,30
101,30
147,30
150,30
156,30
29,31
85,31
177,31
66,32
84,32
97,32
122,32
129,32
138,32
161,32
178,32
191,32
3,33
55,33
56,33
131,33
11,34
21,34
36,34
49,34
50,34
87,34
113,34
152,34
30,35
61,35
64,35
137,35
147,35
164,35
177,35
189,35
21,36
28,36
59,36
117,36
147,36
9,37
20,37
20,37
40,37
62,37
69,37
97,37
162,37
169,37
176,37
16,38
91,38
139,38
157,38
52,39
100,39
105,39
136,39
137,39
157,39
162,39
131,40
134,40
157,40
171,40
183,40
184,40
27,41
63,41
113,41
130,41
170,41
170,41
11,42
25,42
60,42
127,42
153,42
56,43
68,43
111,43
164,43
37,44
40,44
105,44
111,44
136,44
140,44
141,44
171,44
14,45
94,45
113,45
116,45
191,45
36,46
64,46
122,46
56,47
81,47
91,47
134,47
134,47
136,47
158,47
73,48
80,48
90,48
102,48
110,48
127,48
148,48
36,49
50,49
90,49
109,49
125,49
131,49
168,49
3,50
11,50
13,50
38,50
79,50
85,50
113,50
120,50
139,50
145,50
83,51
163,51
188,51
193,51
34,52
95,52
144,52
144,52
161,52
165,52
198,52
21,53
47,53
193,53
0,54
1,54
11,54
63,54
81,54
131,54
166,54
169,54
6,55
81,55
118,55
172,55
175,55
196,55
35,56
56,56
125,56
164,56
195,56
14,57
26,57
53,57
83,57
97,57
116,57
117,57
130,57
145,57
147,57
167,57
198,57
2,58
15,58
28,58
100,58
110,58
154,58
177,58
197,58
38,59
43,59
92,59
128,59
150,59
199,59
39,60
42,60
94,60
137,60
191,60
194,60
36,61
37,61
45,61
49,61
118,61
160,61
173,61
46,62
53,62
71,62
75,62
130,62
156,62
102,63
106,63
108,63
151,63
160,63
190,63
195,63
24,64
86,64
162,64
63,65
1,66
42,66
103,66
126,66
150,66
186,66
66,67
113,67
115,67
18,68
57,68
62,68
119,68
141,68
151,68
159,68
163,68
164,68
172,68
177,68
72,69
148,69
22,70
51,70
147,70
183,70
188,70
196,70
9,71
81,71
59,72
133,72
155,72
4,73
21,73
160,73
164,73
190,73
190,73
196,73
39,74
95,74
157,74
23,75
54,75
67,75
168,75
191,75
22,76
48,76
64,76
72,76
157,76
90,77
91,77
137,77
168,77
11,78
30,78
40,78
52,78
103,78
159,78
164,78
191,78
83,79
88,79
51,80
83,80
121,80
195,80
78,81
132,81
34,82
109,82
54,83
172,83
183,83
96,84
130,84
147,84
161,84
177,84
178,84
30,85
32,85
162,85
95,86
101,86
110,86
119,86
0,87
40,87
69,87
72,87
184,87
194,87
25,88
85,88
151,88
115,89
152,89
172,89
196,89
45,90
70,90
118,90
142,90
158,90
61,91
88,91
129,91
173,91
18,92
59,92
76,92
103,92
119,92
175,92
198,92
22,93
23,93
51,93
65,93
107,93
184,93
25,94
69,94
73,94
86,94
112,94
193,94
41,95
158,95
1,96
17,96
29,96
82,96
111,96
130,96
147,96
149,96
152,96
160,96
186,96
171,97
192,97
43,98
79,98
79,98
163,98
199,98
63,99
74,99
82,99
100,99
150,100
167,100
28,101
85,101
110,101
1,102
34,102
181,102
16,103
59,103
24,104
125,104
145,104
155,104
7,105
36,105
52,105
159,105
179,105
51,106
121,106
147,106
41,107
50,107
79,107
153,107
194,107
43,108
82,108
99,108
127,108
157,108
182,108
44,109
78,109
141,109
164,109
171,109
60,110
190,110
190,110
97,111
98,111
125,111
1,112
31,112
118,112
33,113
124,113
174,113
23,114
26,114
31,114
61,114
84,114
117,114
122,114
5,115
25,115
44,115
56,115
151,115
51,116
111,116
147,116
154,116
29,117
70,117
94,117
104,117
145,117
183,117
5,118
8,118
39,118
106,118
174,118
188,118
5,119
47,119
152,119
189,119
79,120
104,120
130,120
167,120
58,121
96,121
196,121
31,122
80,122
101,122
155,122
199,122
133,123
144,123
187,123
28,124
33,124
35,124
38,124
44,124
98,124
22,125
46,125
98,125
196,125
1,126
15,126
21,126
70,126
140,126
162,126
173,126
187,126
195,126
21,127
32,127
95,127
106,127
141,127
17,128
55,128
89,128
111,128
128,128
136,128
183,128
186,128
190,128
24,129
25,129
45,129
86,129
107,129
148,129
151,129
2,130
84,130
118,130
120,130
158,130
0,131
44,131
93,131
150,131
176,131
115,132
137,132
147,132
91,133
150,133
40,134
40,134
50,134
54,134
55,134
149,134
187,134
199,134
15,135
52,135
56,135
59,135
18,136
115,136
135,136
155,136
196,136
3,137
68,137
99,137
114,137
151,137
17,138
73,138
160,138
195,138
4,139
44,139
53,139
81,139
125,139
151,139
197,139
3,140
5,140
24,140
99,140
153,140
156,140
198,140
60,141
83,141
130,141
38,142
58,142
96,142
24,143
78,143
94,143
112,143
19,144
51,144
6,145
29,145
158,145
12,146
22,146
141,146
189,146
54,148
75,148
129,148
143,148
170,148
190,148
9,149
98,149
101,149
164,149
192,149
27,150
33,150
100,150
172,150
11,151
11,151
86,151
100,151
180,151
2,152
22,152
62,152
113,153
134,153
150,153
77,154
95,154
114,154
145,154
185,154
195,154
55,155
71,155
130,155
161,155
166,155
9,156
12,156
32,156
121,156
30,157
97,157
121,157
169,157
176,157
55,158
67,158
81,158
155,158
49,159
95,159
114,159
183,159
184,159
40,160
45,160
98,160
191,160
193,160
10,161
128,161
134,161
88,162
101,162
116,162
147,162
169,162
198,162
14,163
88,163
93,163
99,163
109,163
120,163
137,163
152,163
165,163
173,163
191,163
38,164
43,164
56,164
111,164
127,164
159,164
178,164
180,164
182,164
10,165
34,165
74,165
79,165
90,165
122,165
172,165
54,166
59,166
152,166
158,166
187,166
11,167
17,167
41,167
96,167
102,167
113,167
158,167
171,167
73,168
155,168
192,168
3,169
75,169
136,169
184,169
9,170
102,170
108,170
140,170
187,170
110,171
114,171
160,171
175,171
183,171
8,172
9,172
43,172
168,172
178,172
191,172
10,173
46,173
60,173
78,173
88,173
111,173
135,173
164,173
5,174
34,174
42,174
184,174
29,175
72,175
105,175
149,175
158,175
182,175
77,176
83,176
163,176
177,176
61,177
91,177
92,177
108,177
120,177
139,177
143,177
173,177
73,178
82,178
90,178
112,178
160,178
186,178
187,178
15,179
19,179
37,179
49,179
122,179
176,179
51,180
55,180
105,180
141,180
197,180
14,181
29,181
53,181
116,181
123,181
135,181
139,181
186,181
10,182
24,182
151,182
186,182
156,183
184,183
191,183
2,184
19,184
50,184
59,184
69,184
173,184
1,185
103,185
45,186
56,186
79,186
80,186
87,186
116,186
117,186
151,186
47,187
85,187
101,187
145,187
151,187
174,187
189,187
20,188
30,188
95,188
105,188
120,188
168,188
172,188
25,189
169,189
14,190
45,190
58,190
108,190
110,190
129,190
200,190
1,191
24,191
25,191
36,191
23,192
32,192
109,192
130,193
137,193
149,193
187,193
24,194
85,194
89,194
145,194
164,194
166,194
25,195
35,195
128,195
152,195
174,195
195,195
11,196
119,196
119,196
150,196
62,197
118,197
133,197
139,197
200,197
117,198
124,198
132,198
4,199
70,199
74,199
105,199
127,199
162,199
13,200
13,200
34,200
66,200
67,200
108,200
117,200
122,200
