133,197,18
157,148,100
118,72,25
5,119,15
173,194,157
18,160,65
189,174,125
54,179,112
145,170,1
90,197,96
195,168,43
155,178,30
167,152,22
92,189,109
22,148,27
28,191,12
35,191,65
132,79,34
185,180,86
63,178,107
53,165,73
137,172,169
157,142,126
80,44,14
49,183,98
158,59,28
113,148,55
40,121,93
200,96,35
60,197,31
199,190,133
91,133,44
20,128,42
19,179,50
61,165,21
54,104,72
89,199,148
108,125,95
155,106,47
159,173,81
129,185,13
19,102,41
156,139,129
177,77,63
123,75,16
93,98,76
0,135,109
47,175,20
161,147,14
79,39,28
82,71,52
96,197,174
15,185,85
197,139,121
19,177,22
137,184,96
103,164,156
153,197,167
79,160,133
87,116,61
156,188,119
33,77,61
51,179,129
193,19,12
167,163,127
59,157,16
199,120,90
27,195,61
107,47,16
73,68,26
156,198,52
57,101,28
53,60,46
110,47,13
71,133,44
168,161,147
58,66,22
163,133,113
67,91,10
94,121,99
199,123,91
135,121,50
129,62,44
199,162,135
35,146,103
173,190,151
108,82,19
81,176,17
105,159,36
139,77,58
168,143,117
22,147,75
84,101,57
174,36,23
1,172,29
59,125,72
165,191,44
187,148,67
176,100,58
58,80,32
35,110,90
31,139,69
134,170,143
146,151,55
30,110,98
150,178,176
172,100,35
154,196,7
26,182,121
138,128,68
166,192,128
88,183,169
112,108,46
108,148,137
140,187,76
16,189,125
1,68,31
53,172,32
170,79,19
187,82,24
84,139,95
72,158,39
174,135,83
195,146,52
158,86,57
21,119,38
172,100,92
180,165,141
74,132,66
119,188,71
67,128,43
183,169,161
176,164,133
185,87,54
56,196,152
84,43,41
142,199,174
150,105,28
14,138,44
48,111,54
124,198,65
26,117,107
123,116,1
195,170,32
154,22,12
56,129,102
186,115,75
150,141,20
25,195,86
114,26,11
189,162,79
107,161,24
116,167,143
4,100,20
63,187,98
190,181,112
131,149,42
163,82,38
93,55,7
48,102,4
32,191,125
168,161,32
2,17,5
197,183,141
32,117,47
95,156,127
58,146,121
104,166,84
73,132,60
71,170,90
163,98,98
111,42,1
115,153,64
197,89,5
157,198,108
125,108,74
51,200,124
162,101,40
130,42,33
72,169,54
89,182,179
38,110,50
190,62,41
105,180,3
180,172,166
83,122,108
53,198,52
191,64,19
168,195,187
58,163,160
61,183,115
64,57,41
154,157,33
150,198,112
151,163,18
196,122,1
73,96,23
192,54,45
90,114,10
62,82,20
7,172,76
143,198,44
87,144,74
139,102,54
85,163,113
18,191,170
195,149,127
186,157,65
87,58,22
11,111,103
167,191,56
93,23,16
63,69,45
67,172,72
103,143,131
181,43,34
125,142,130
137,99,22
147,176,41
19,124,39
108,117,5
5,188,188
108,188,43
176,75,18
179,73,19
13,156,144
125,82,57
16,115,98
120,174,67
167,138,117
115,182,14
120,152,114
175,123,74
186,75,6
77,87,58
185,88,3
61,128,13
174,180,33
93,196,63
2,159,9
122,107,12
129,147,107
29,26,18
61,96,9
73,165,91
23,183,60
159,125,120
4,77,1
31,129,119
197,128,26
44,141,17
162,146,23
132,184,119
6,59,33
200,109,43
132,159,61
116,147,8
178,100,22
73,151,133
119,163,26
159,133,115
107,39,39
163,187,187
94,149,65
33,121,54
38,136,5
94,194,164
70,174,57
128,199,85
43,194,22
58,35,18
12,27,7
18,116,47
29,195,112
55,124,50
115,116,4
57,179,24
7,154,116
37,144,93
63,98,97
30,146,37
194,184,74
84,151,45
20,135,28
15,142,65
117,180,71
97,191,157
135,132,78
73,155,97
24,178,40
28,112,67
121,168,65
63,116,10
68,94,56
103,139,4
11,146,94
179,192,110
140,169,157
93,154,3
134,177,82
119,162,100
167,103,70
189,178,101
60,56,9
53,147,86
107,171,147
147,147,111
153,125,36
198,65,62
107,168,113
42,184,182
173,134,111
1,168,28
6,194,152
43,104,20
105,170,166
192,166,137
25,172,11
170,173,159
116,170,149
168,142,46
67,147,80
180,125,112
172,132,74
116,120,39
61,159,137
72,27,4
51,177,60
111,140,85
2,145,116
182,160,36
167,151,69
89,92,87
88,124,104
5,73,24
113,178,109
186,129,12
189,107,36
121,89,42
15,155,145
141,61,1
4,119,40
126,128,74
21,160,80
66,127,12
141,148,29
198,200,129
8,174,15
120,141,65
174,45,7
42,158,111
24,187,131
28,139,71
132,59,26
174,135,46
44,88,59
157,102,85
190,162,153
3,9,9
133,189,187
43,94,92
129,147,52
113,185,142
189,156,65
154,136,119
37,142,71
50,69,65
170,176,98
28,155,33
1,200,156
99,117,47
185,132,43
179,168,64
66,144,127
27,181,100
23,178,67
71,105,58
131,189,102
175,63,59
67,138,75
188,41,40
78,93,37
123,146,107
134,163,2
200,119,86
16,75,70
187,113,92
116,190,94
179,102,25
175,192,172
49,148,34
54,182,75
80,131,9
89,115,29
189,49,12
189,186,62
106,142,77
4,159,107
180,175,13
32,148,20
172,169,36
11,76,48
75,126,7
17,198,71
25,196,158
19,86,32
27,53,16
25,134,70
130,191,59
80,193,75
14,180,55
78,78,50
182,96,35
54,71,51
85,192,167
9,130,21
94,31,27
54,98,65
6,30,25
40,193,100
48,55,29
40,140,100
127,96,69
117,188,55
171,134,28
133,39,10
18,180,145
0,160,108
119,198,140
50,161,56
113,149,52
65,197,30
172,194,141
75,84,32
2,84,21
52,149,85
181,170,162
62,197,67
128,140,13
68,195,142
24,70,33
155,15,12
21,97,9
130,96,62
160,182,44
62,105,98
133,197,86
156,126,52
79,161,155
12,160,156
105,195,159
156,50,31
95,127,76
151,116,111
121,169,109
108,129,102
172,80,5
144,132,10
75,45,13
58,128,80
109,187,48
49,70,31
43,182,93
182,170,27
149,29,26
55,131,84
28,121,25
143,199,166
50,156,19
58,194,19
85,77,62
131,179,162
37,101,56
10,187,170
101,124,102
92,24,12
6,145,63
50,174,88
160,145,135
196,172,103
92,46,12
