64,113
81,1
75,191
29,95
5,119
63,103
18,160
54,179
58,81
90,197
73,106
93,161
92,189
22,148
97,183
28,191
35,191
88,51
63,178
53,165
59,30
72,17
89,150
43,50
80,44
49,183
52,95
32,40
40,121
60,197
91,133
50,86
20,128
19,179
83,9
61,165
54,104
59,21
50,36
89,199
19,102
66,58
33,81
0,49
93,98
0,135
22,38
95,113
47,175
10,61
15,42
79,39
82,71
96,197
15,185
19,177
12,93
79,160
87,116
33,77
51,179
7,8
33,115
43,23
59,157
27,195
73,68
57,101
53,60
14,67
27,95
71,133
50,98
58,66
59,107
67,91
94,121
37,27
58,165
35,146
9,75
0,47
96,72
81,176
22,147
87,140
84,101
1,172
96,19
59,125
47,47
38,103
82,62
58,80
27,13
96,4
35,110
66,17
1,75
31,139
58,33
30,110
79,120
87,134
60,10
12,18
10,160
32,166
87,24
68,140
26,182
5,53
95,148
40,139
88,183
22,33
64,30
27,51
16,189
27,116
1,68
53,172
30,76
84,139
84,36
72,158
10,39
80,102
21,119
31,118
74,132
78,65
51,46
67,128
64,4
56,196
84,43
14,138
89,47
48,111
26,117
93,83
20,3
56,129
96,79
25,195
58,19
4,100
63,187
46,52
29,152
19,157
75,30
93,17
93,53
53,55
93,55
48,102
23,46
32,191
17,79
2,17
32,117
35,84
95,156
58,146
73,132
69,27
97,32
99,22
62,126
32,2
29,112
82,7
71,170
23,35
68,8
51,200
61,142
72,169
89,182
25,116
38,110
41,67
2,19
55,126
75,14
57,77
83,122
53,198
67,129
59,146
43,183
52,108
58,163
61,183
64,57
52,83
73,96
11,14
14,77
90,114
62,82
13,19
48,50
7,172
46,39
87,144
87,79
85,163
18,191
87,58
11,111
60,4
69,33
83,63
46,40
93,23
63,69
67,172
89,114
40,37
19,124
33,59
5,188
97,122
96,66
21,123
90,6
13,156
6,125
80,41
92,90
16,115
77,87
15,20
61,128
99,18
93,196
2,159
65,5
36,48
16,54
87,12
26,76
29,26
61,96
14,7
73,165
23,183
4,77
31,129
44,141
1,51
52,133
12,80
6,59
16,2
57,130
58,122
73,151
0,58
27,180
82,36
59,140
94,149
33,121
38,136
94,194
70,174
43,194
66,115
58,35
12,27
18,116
29,195
55,124
45,53
57,179
91,33
7,154
37,144
50,60
63,98
87,112
2,7
30,146
84,151
59,8
20,135
1,97
55,87
15,142
97,191
73,155
14,41
24,178
28,112
15,145
49,55
63,116
68,94
11,146
89,30
15,117
58,8
98,132
93,154
20,158
7,129
60,56
53,147
41,79
42,52
73,46
42,184
55,13
1,168
6,194
63,65
26,101
43,104
91,65
3,130
59,112
25,172
11,8
67,147
75,105
61,159
72,27
51,177
2,145
95,13
89,92
88,124
5,73
13,77
15,155
53,5
81,170
43,167
4,119
67,111
63,50
21,160
66,127
60,45
98,88
8,174
42,158
24,187
34,99
28,139
33,60
44,97
40,97
44,88
8,8
3,9
43,94
47,7
93,28
37,142
93,62
50,69
28,155
69,184
1,200
99,117
32,65
22,7
87,165
66,144
27,181
23,178
71,105
18,3
67,130
82,12
67,138
44,109
78,93
57,130
16,75
49,148
62,32
74,20
53,92
54,182
80,131
73,38
76,143
26,114
89,115
29,2
4,159
43,131
32,148
49,43
11,76
75,126
17,198
25,196
19,86
7,52
27,53
11,79
25,134
80,193
61,10
88,68
14,180
78,78
54,71
85,192
9,130
94,31
36,66
54,98
6,30
40,193
48,55
1,19
40,140
18,180
0,160
42,117
50,161
65,197
85,35
2,14
91,37
75,84
2,84
42,8
77,140
50,26
95,106
52,149
70,16
29,155
29,82
62,197
68,195
24,70
0,97
82,19
12,34
15,120
60,91
1,102
41,75
21,97
41,43
58,152
62,105
7,132
79,161
63,49
12,160
95,127
75,45
58,128
70,54
53,103
52,0
49,70
43,182
94,5
5,23
47,62
55,131
28,121
50,156
58,194
85,77
70,104
48,15
37,101
76,35
10,187
89,51
43,8
92,24
6,145
50,174
57,105
92,46
