133
157
118
5
173
18
189
54
145
90
195
155
167
92
22
28
35
132
185
63
53
137
157
80
49
158
113
40
200
60
199
91
20
19
61
54
89
108
155
159
129
19
156
177
123
93
0
47
161
79
82
96
15
197
19
137
103
153
79
87
156
33
51
193
167
59
199
27
107
73
156
57
53
110
71
168
58
163
67
94
199
135
129
199
35
173
108
81
105
139
168
22
84
174
1
59
165
187
176
58
35
31
134
146
30
150
172
154
26
138
166
88
112
108
140
16
1
53
170
187
84
72
174
195
158
21
172
180
74
119
67
183
176
185
56
84
142
150
14
48
124
26
123
195
154
56
186
150
25
114
189
107
116
4
63
190
131
163
93
48
32
168
2
197
32
95
58
104
73
71
163
111
115
197
157
125
51
162
130
72
89
38
190
105
180
83
53
191
168
58
61
64
154
150
151
196
73
192
90
62
7
143
87
139
85
18
195
186
87
11
167
93
63
67
103
181
125
137
147
19
108
5
108
176
179
13
125
16
120
167
115
120
175
186
77
185
61
174
93
2
122
129
29
61
73
23
159
4
31
197
44
162
132
6
200
132
116
178
73
119
159
107
163
94
33
38
94
70
128
43
58
12
18
29
55
115
57
7
37
63
30
194
84
20
15
117
97
135
73
24
28
121
63
68
103
11
179
140
93
134
119
167
189
60
53
107
147
153
198
107
42
173
1
6
43
105
192
25
170
116
168
67
180
172
116
61
72
51
111
2
182
167
89
88
5
113
186
189
121
15
141
4
126
21
66
141
198
8
120
174
42
24
28
132
174
44
157
190
3
133
43
129
113
189
154
37
50
170
28
1
99
185
179
66
27
23
71
131
175
67
188
78
123
134
200
16
187
116
179
175
49
54
80
89
189
189
106
4
180
32
172
11
75
17
25
19
27
25
130
80
14
78
182
54
85
9
94
54
6
40
48
40
127
117
171
133
18
0
119
50
113
65
172
75
2
52
181
62
128
68
24
155
21
130
160
62
133
156
79
12
105
156
95
151
121
108
172
144
75
58
109
49
43
182
149
55
28
143
50
58
85
131
37
10
101
92
6
50
160
196
92
