12,143,196
30,63,101
57,24,130
172,68,43
61,58,36
199,47,127
31,179,29
194,46,24
1,146,192
1,172,99
91,95,88
16,47,20
124,140,35
62,6,71
140,137,156
167,19,96
133,198,150
1,137,22
150,7,172
3,100,126
120,143,167
177,191,108
196,166,119
189,59,25
50,162,11
114,100,122
96,193,17
51,41,83
11,72,44
170,183,108
48,165,127
116,119,147
154,161,145
99,109,63
87,182,72
169,153,136
77,52,90
49,3,109
76,74,157
80,84,195
199,164,105
64,117,86
186,25,87
150,47,27
56,60,35
192,177,23
177,69,173
171,75,175
80,68,83
53,7,47
56,181,164
34,60,50
46,94,122
116,142,51
171,3,183
58,85,177
140,20,3
187,53,174
164,32,182
177,188,92
32,100,97
170,188,187
177,184,120
49,176,90
126,55,162
118,158,174
32,90,191
187,58,101
132,28,137
176,68,163
200,107,13
126,72,140
131,77,150
174,60,184
30,69,147
146,57,189
142,5,96
63,129,102
141,192,83
173,87,111
190,144,14
169,104,3
25,49,5
85,191,30
37,131,162
186,11,117
93,165,107
179,67,176
2,146,136
62,7,53
68,194,18
41,124,27
78,47,30
153,37,150
63,174,160
157,171,97
143,162,112
175,166,29
166,102,158
35,82,137
99,72,100
38,18,16
187,115,189
5,63,9
22,198,153
190,184,110
82,79,109
51,59,193
77,90,91
60,115,42
144,100,51
36,24,21
78,175,103
162,77,169
33,114,56
123,87,187
121,185,58
120,70,130
44,199,111
9,133,8
60,103,137
107,179,153
181,149,186
31,12,177
50,82,79
128,110,17
80,97,121
46,92,36
184,197,173
154,85,77
115,140,5
8,5,5
163,26,173
163,118,99
183,153,191
169,176,75
177,139,139
37,54,69
54,7,131
165,4,122
68,89,164
165,74,79
53,116,21
10,55,168
165,192,74
134,144,54
156,142,9
40,190,157
62,196,75
66,101,103
33,12,3
58,50,100
58,80,28
128,59,55
16,185,170
36,3,59
44,160,40
87,32,184
65,194,63
42,31,11
197,198,133
57,88,14
51,145,188
166,13,54
178,114,73
36,165,117
74,164,157
34,138,11
101,65,110
177,179,91
66,85,42
4,37,110
39,112,105
14,26,13
113,150,174
138,120,160
110,68,60
9,167,116
148,191,75
23,52,79
58,72,110
7,125,169
24,96,9
118,66,5
195,44,152
40,99,134
85,42,32
50,56,120
128,131,89
54,95,63
193,166,130
180,191,141
28,189,94
120,128,104
5,122,195
172,171,168
55,69,196
41,120,130
128,103,111
164,26,38
122,156,101
151,144,86
196,102,150
137,50,68
59,128,128
86,125,95
131,190,0
26,194,21
113,33,33
68,66,172
122,33,80
109,146,141
149,129,164
3,114,38
164,136,178
17,65,55
153,69,113
199,189,4
163,35,152
165,41,34
78,126,40
157,62,169
164,91,159
106,38,51
119,147,152
191,9,36
92,176,119
69,181,148
78,84,11
63,22,190
75,138,191
35,176,64
37,125,176
50,97,139
99,112,82
130,191,158
42,7,127
91,196,129
90,190,118
180,7,197
58,188,197
22,66,97
182,91,24
116,140,111
88,93,151
43,109,111
134,48,149
22,41,190
184,30,2
182,150,151
130,135,84
21,68,137
126,94,21
33,64,131
42,106,25
172,141,191
167,50,171
50,141,3
114,4,117
107,4,41
45,162,113
75,82,67
8,58,120
58,175,2
110,104,190
9,181,109
38,44,139
104,186,125
168,151,192
105,145,7
129,134,151
93,59,65
129,72,24
176,70,177
167,76,113
117,177,29
148,194,143
171,172,114
14,6,5
194,93,89
181,173,29
96,77,1
200,41,66
115,34,56
5,24,44
23,82,140
161,7,128
137,44,99
108,71,99
55,150,175
168,16,73
61,107,45
92,38,18
92,151,198
67,58,115
184,83,69
37,75,62
113,85,124
73,130,164
114,32,26
180,200,51
44,47,105
193,135,149
155,77,55
68,88,159
134,188,40
141,88,130
44,69,37
63,113,151
4,89,198
10,131,37
151,129,100
117,105,183
131,35,176
50,24,38
49,116,131
181,21,139
88,62,85
173,89,60
107,175,194
24,9,175
12,30,81
135,166,15
52,122,144
196,110,11
163,188,109
37,83,20
200,38,117
29,125,51
190,117,129
105,43,36
88,51,25
196,20,119
139,101,151
4,177,77
171,37,110
3,176,43
197,21,200
149,171,101
26,186,63
165,80,90
96,161,149
40,70,183
47,148,158
175,155,105
34,49,87
151,199,11
91,164,173
6,66,83
164,79,111
25,34,136
86,42,119
108,163,157
30,103,50
71,111,81
60,190,194
148,183,190
173,134,78
40,90,131
185,85,1
47,94,91
14,134,77
49,105,36
139,100,125
2,127,121
1,68,122
5,184,40
186,14,151
169,30,184
54,163,166
164,76,43
57,65,97
166,18,187
24,43,13
149,152,192
139,29,197
124,157,98
135,19,59
140,158,153
37,195,169
70,75,147
101,24,28
178,199,186
68,69,62
109,137,171
104,53,155
32,138,178
35,3,30
166,13,152
39,45,162
188,178,105
138,140,73
57,0,83
98,95,79
100,150,167
175,65,72
8,185,81
33,183,55
175,130,182
186,53,45
93,146,184
62,53,130
52,30,198
56,23,125
68,185,163
30,180,150
166,125,59
20,200,163
6,52,34
142,164,58
200,106,67
21,51,78
183,98,184
128,47,186
136,154,115
83,55,172
87,103,69
172,88,9
48,4,102
99,200,74
175,91,149
117,183,104
173,186,46
64,29,162
49,101,50
187,129,145
170,59,9
96,146,152
84,30,130
188,39,30
0,81,12
188,165,20
39,181,100
20,143,114
35,16,61
154,29,95
32,72,66
143,23,24
54,13,81
57,102,167
21,66,54
186,86,80
131,96,44
186,39,116
81,110,132
5,67,146
193,157,187
190,88,58
195,134,195
11,168,28
185,8,103
107,193,50
76,152,64
96,3,29
129,154,45
198,66,132
63,38,195
143,111,78
128,51,136
139,124,44
157,146,176
12,150,80
146,74,12
68,91,141
52,4,144
79,175,83
60,2,191
115,128,151
19,192,127
84,110,147
47,20,134
35,154,189
97,150,171
139,179,4
126,113,1
40,89,184
89,52,115
155,138,130
27,147,58
118,78,188
21,89,180
52,108,34
100,125,150
140,198,24
85,29,162
54,63,1
75,155,23
16,97,133
181,19,116
94,167,69
167,44,102
47,33,81
149,43,98
4,185,112
11,33,26
132,156,115
108,125,82
1,63,191
171,140,160
97,33,192
86,180,110
26,122,96
69,39,72
152,51,62
136,7,155
182,199,10
190,109,45
195,103,35
145,107,6
27,137,109
160,157,193
12,136,56
161,87,134
81,55,78
94,52,193
53,17,193
3,49,15
112,24,118
125,133,196
158,137,67
179,24,37
59,180,38
159,122,95
149,152,9
116,190,154
41,28,63
194,65,164
6,123,179
29,34,194
156,94,121
44,105,140
191,17,1
162,24,147
123,44,133
55,114,6
24,106,122
83,174,183
187,24,151
109,93,78
19,16,95
73,172,190
50,7,113
164,106,180
178,39,112
93,117,23
164,131,56
200,94,34
114,0,31
16,97,53
139,121,81
39,130,137
168,78,155
50,9,85
191,77,24
46,173,64
158,104,55
72,158,155
177,175,61
34,94,152
38,43,157
195,45,25
111,174,125
112,112,31
140,19,5
127,121,106
91,66,61
1,63,43
148,36,129
173,181,164
109,88,44
125,120,22
86,199,101
186,125,79
104,71,145
192,109,32
13,24,161
94,88,86
106,152,147
60,152,39
50,20,13
21,192,34
50,25,145
190,47,108
148,85,170
128,182,190
151,20,180
19,37,112
27,128,50
184,19,59
57,79,26
19,37,195
110,110,190
70,191,51
8,150,95
114,123,23
57,200,147
121,55,196
75,127,168
58,195,154
61,143,160
1,87,173
41,40,170
142,176,38
78,71,159
74,186,39
83,194,54
6,165,32
11,28,108
101,179,85
32,121,84
15,35,9
68,23,177
133,26,91
126,29,187
111,109,97
51,109,163
181,164,123
145,169,158
180,19,105
35,155,147
31,95,85
61,155,173
176,54,83
62,106,156
127,11,32
193,179,137
127,168,95
159,15,184
98,94,163
48,158,110
165,85,10
16,80,165
115,85,25
174,38,34
54,123,11
37,6,20
179,65,122
197,125,118
162,56,116
89,154,196
109,9,164
63,192,106
160,51,191
200,151,13
66,12,1
57,175,116
167,109,11
155,47,166
67,95,66
96,103,160
39,57,157
68,10,57
47,17,134
54,125,0
155,92,161
134,54,199
191,167,25
119,113,189
78,22,52
45,142,116
21,30,166
108,109,43
21,161,52
59,169,150
89,66,152
123,170,144
153,87,134
138,152,17
197,60,139
187,39,85
60,191,94
188,29,120
130,76,118
45,45,94
160,152,45
118,27,106
48,149,80
111,46,98
61,53,37
96,169,82
55,110,118
23,175,163
107,22,79
84,170,177
178,140,90
115,172,44
124,104,33
8,12,145
119,75,5
163,90,120
84,148,161
108,62,127
48,117,90
154,137,185
43,132,164
105,101,179
118,74,8
57,95,145
43,104,56
76,85,22
173,94,10
89,103,172
94,92,73
52,151,95
124,99,28
84,61,178
49,160,168
66,120,186
159,186,49
188,12,168
57,143,53
187,27,47
198,52,124
11,4,70
61,162,49
128,86,128
157,108,30
186,89,56
39,24,52
174,122,42
10,128,170
163,191,191
20,74,97
73,55,4
8,7,151
57,116,117
122,25,31
182,88,186
90,117,142
151,27,11
102,7,181
55,186,172
181,96,53
25,189,176
72,187,59
130,65,2
93,40,22
39,81,136
184,164,50
125,77,46
200,172,122
30,134,156
135,148,56
78,48,191
30,29,55
38,19,91
5,117,149
125,177,98
167,187,158
30,27,94
129,48,25
48,148,73
154,189,114
13,94,135
78,109,164
178,2,82
120,197,79
73,7,190
54,186,169
70,51,22
129,8,148
77,82,168
195,129,174
183,150,156
176,132,77
25,116,136
75,196,54
199,79,70
104,32,24
14,22,117
68,175,151
130,19,120
92,37,175
34,68,113
21,176,98
13,5,9
76,39,48
34,131,36
15,54,120
173,126,135
59,34,92
80,101,51
6,181,104
163,176,93
194,109,145
141,155,60
136,36,18
134,41,50
45,152,191
179,172,49
127,165,21
161,153,10
73,174,21
34,15,49
126,39,173
106,13,121
98,9,43
179,143,19
98,60,199
11,166,60
21,171,97
6,194,47
197,14,62
180,72,55
96,167,130
118,41,39
98,26,79
131,67,93
112,191,1
160,148,98
117,158,94
70,104,196
2,200,44
129,181,86
95,191,158
56,50,56
192,182,109
181,28,14
129,87,107
119,185,47
42,8,153
14,167,118
32,126,129
94,172,25
63,81,108
62,181,46
7,96,15
66,169,150
198,4,117
126,185,195
74,33,95
76,99,72
15,79,76
156,193,12
64,162,24
152,149,22
126,60,70
71,158,9
137,194,151
52,179,161
0,2,185
160,197,40
156,31,32
87,0,0
2,101,191
167,55,41
32,20,161
188,19,95
158,117,155
34,120,21
32,54,122
58,146,15
155,48,71
103,98,59
26,96,27
37,20,40
22,196,149
134,68,40
4,140,6
90,142,45
3,152,34
27,129,85
128,100,183
152,185,2
32,180,138
55,22,81
93,129,51
96,176,111
68,23,119
137,96,114
108,157,182
122,68,155
36,190,147
136,9,135
143,73,94
170,114,140
195,188,128
117,72,70
35,176,177
102,116,1
126,97,15
178,74,187
35,177,164
134,74,187
92,141,76
114,108,84
175,179,158
37,6,97
94,150,112
43,22,68
200,197,108
146,63,141
167,154,17
163,22,165
124,114,44
72,5,133
92,185,59
56,85,195
77,0,137
150,13,100
4,156,156
159,26,183
172,60,178
79,196,88
0,177,195
96,126,147
103,106,16
47,119,136
150,128,33
162,47,198
148,192,54
67,154,113
145,55,29
159,195,114
189,71,169
82,37,34
44,75,141
59,11,43
37,111,9
154,128,195
127,137,141
124,142,38
188,16,172
41,100,170
0,162,46
164,75,127
178,67,160
42,37,60
45,53,14
190,185,200
194,145,85
70,121,183
138,163,195
163,67,137
90,142,70
139,11,53
179,6,15
27,165,15
144,24,19
11,35,110
73,85,160
162,109,88
41,49,113
163,57,88
16,193,73
135,156,52
140,177,198
172,33,8
158,97,81
40,126,171
146,134,22
177,27,143
157,132,121
52,95,165
87,188,40
90,75,158
95,166,41
87,165,194
122,66,199
114,61,61
61,60,118
174,19,5
184,45,19
92,124,103
173,121,88
163,68,14
170,97,102
96,68,186
44,68,171
84,55,96
165,152,172
57,169,198
199,166,74
25,156,96
59,168,199
140,101,99
102,3,34
48,190,148
136,154,196
21,83,77
73,142,196
162,193,101
66,166,126
117,121,145
194,172,166
134,182,55
132,126,147
8,59,126
70,118,188
105,164,159
137,1,3
24,0,108
121,28,96
49,81,125
47,49,56
105,166,52
199,162,162
36,128,28
181,83,135
44,39,136
